MAP ==========Map========== /Map/nhachinhxaydautien (12) matrix=1.00000	0.00000	0.00000	-41.00000
0.00000	1.00000	0.00000	45.00000
0.00000	0.00000	1.00000	0.00000
0.00000	0.00000	0.00000	1.00000
 mode=Chunk sort=Default/0
MAP ==========Map========== /Map/nhachinhxaydautien (12)/tuongnha (1) matrix=1.00000	0.00000	0.00000	-41.00000
0.00000	1.00000	0.00000	45.00000
0.00000	0.00000	1.00000	0.00000
0.00000	0.00000	0.00000	1.00000
 mode=Individual sort=Gameplay/0
 CELL (-2, -6, 0) world=(-39.00, 43.25, 0.00) sprite=Wall A1_W bounds=Center: (0.00, 0.64, 0.00), Extents: (0.50, 1.00, 0.10) pivot=(64.00, 46.08) PPU=128 transform=1.00000	0.00000	0.00000	0.00000
0.00000	1.00000	0.00000	0.00000
0.00000	0.00000	1.00000	0.00000
0.00000	0.00000	0.00000	1.00000

  PHYSICS (-0.50, 0.12);(-0.50, 0.02);(-0.37, -0.05);(0.13, 0.21);(0.14, 0.37);(-0.37, 0.11)
 CELL (-1, -6, 0) world=(-38.50, 43.50, 0.00) sprite=Wall A1_W bounds=Center: (0.00, 0.64, 0.00), Extents: (0.50, 1.00, 0.10) pivot=(64.00, 46.08) PPU=128 transform=1.00000	0.00000	0.00000	0.00000
0.00000	1.00000	0.00000	0.00000
0.00000	0.00000	1.00000	0.00000
0.00000	0.00000	0.00000	1.00000

 CELL (0, -6, 0) world=(-38.00, 43.75, 0.00) sprite=Wall A1_W bounds=Center: (0.00, 0.64, 0.00), Extents: (0.50, 1.00, 0.10) pivot=(64.00, 46.08) PPU=128 transform=1.00000	0.00000	0.00000	0.00000
0.00000	1.00000	0.00000	0.00000
0.00000	0.00000	1.00000	0.00000
0.00000	0.00000	0.00000	1.00000

 CELL (1, -6, 0) world=(-37.50, 44.00, 0.00) sprite=Wall A1_W bounds=Center: (0.00, 0.64, 0.00), Extents: (0.50, 1.00, 0.10) pivot=(64.00, 46.08) PPU=128 transform=1.00000	0.00000	0.00000	0.00000
0.00000	1.00000	0.00000	0.00000
0.00000	0.00000	1.00000	0.00000
0.00000	0.00000	0.00000	1.00000

 CELL (2, -6, 0) world=(-37.00, 44.25, 0.00) sprite=Wall A1_W bounds=Center: (0.00, 0.64, 0.00), Extents: (0.50, 1.00, 0.10) pivot=(64.00, 46.08) PPU=128 transform=1.00000	0.00000	0.00000	0.00000
0.00000	1.00000	0.00000	0.00000
0.00000	0.00000	1.00000	0.00000
0.00000	0.00000	0.00000	1.00000

 CELL (3, -6, 0) world=(-36.50, 44.50, 0.00) sprite=Wall A1_W bounds=Center: (0.00, 0.64, 0.00), Extents: (0.50, 1.00, 0.10) pivot=(64.00, 46.08) PPU=128 transform=1.00000	0.00000	0.00000	0.00000
0.00000	1.00000	0.00000	0.00000
0.00000	0.00000	1.00000	0.00000
0.00000	0.00000	0.00000	1.00000

 CELL (4, -6, 0) world=(-36.00, 44.75, 0.00) sprite=Wall A1_W bounds=Center: (0.00, 0.64, 0.00), Extents: (0.50, 1.00, 0.10) pivot=(64.00, 46.08) PPU=128 transform=1.00000	0.00000	0.00000	0.00000
0.00000	1.00000	0.00000	0.00000
0.00000	0.00000	1.00000	0.00000
0.00000	0.00000	0.00000	1.00000

 CELL (5, -6, 0) world=(-35.50, 45.00, 0.00) sprite=Wall A1_W bounds=Center: (0.00, 0.64, 0.00), Extents: (0.50, 1.00, 0.10) pivot=(64.00, 46.08) PPU=128 transform=1.00000	0.00000	0.00000	0.00000
0.00000	1.00000	0.00000	0.00000
0.00000	0.00000	1.00000	0.00000
0.00000	0.00000	0.00000	1.00000

 CELL (6, -6, 0) world=(-35.00, 45.25, 0.00) sprite=Wall A4_W bounds=Center: (0.00, 0.64, 0.00), Extents: (0.50, 1.00, 0.10) pivot=(64.00, 46.08) PPU=128 transform=1.00000	0.00000	0.00000	0.00000
0.00000	1.00000	0.00000	0.00000
0.00000	0.00000	1.00000	0.00000
0.00000	0.00000	0.00000	1.00000

  PHYSICS (-0.50, 0.02);(-0.37, -0.05);(-0.25, 0.01);(-0.25, 0.09);(-0.37, 0.04);(-0.50, 0.10)
  PHYSICS (-0.14, 0.21);(0.02, 0.13);(0.13, 0.20);(0.13, 0.26);(0.02, 0.19);(-0.14, 0.26)
 CELL (7, -6, 0) world=(-34.50, 45.50, 0.00) sprite=Wall A1_W bounds=Center: (0.00, 0.64, 0.00), Extents: (0.50, 1.00, 0.10) pivot=(64.00, 46.08) PPU=128 transform=1.00000	0.00000	0.00000	0.00000
0.00000	1.00000	0.00000	0.00000
0.00000	0.00000	1.00000	0.00000
0.00000	0.00000	0.00000	1.00000

 CELL (8, -6, 0) world=(-34.00, 45.75, 0.00) sprite=Wall A1_W bounds=Center: (0.00, 0.64, 0.00), Extents: (0.50, 1.00, 0.10) pivot=(64.00, 46.08) PPU=128 transform=1.00000	0.00000	0.00000	0.00000
0.00000	1.00000	0.00000	0.00000
0.00000	0.00000	1.00000	0.00000
0.00000	0.00000	0.00000	1.00000

 CELL (-3, -5, 0) world=(-40.00, 43.25, 0.00) sprite=Wall A1_N bounds=Center: (0.00, 0.64, 0.00), Extents: (0.50, 1.00, 0.10) pivot=(64.00, 46.08) PPU=128 transform=1.00000	0.00000	0.00000	0.00000
0.00000	1.00000	0.00000	0.00000
0.00000	0.00000	1.00000	0.00000
0.00000	0.00000	0.00000	1.00000

  PHYSICS (-0.13, 0.21);(0.37, -0.04);(0.50, 0.02);(0.50, 0.09);(0.37, 0.14);(-0.13, 0.35)
 CELL (2, -5, 0) world=(-37.50, 44.50, 0.00) sprite=Wall A1_N bounds=Center: (0.00, 0.64, 0.00), Extents: (0.50, 1.00, 0.10) pivot=(64.00, 46.08) PPU=128 transform=1.00000	0.00000	0.00000	0.00000
0.00000	1.00000	0.00000	0.00000
0.00000	0.00000	1.00000	0.00000
0.00000	0.00000	0.00000	1.00000

 CELL (9, -5, 0) world=(-34.00, 46.25, 0.00) sprite=Wall A1_S bounds=Center: (0.00, 0.64, 0.00), Extents: (0.50, 1.00, 0.10) pivot=(64.00, 46.08) PPU=128 transform=1.00000	0.00000	0.00000	0.00000
0.00000	1.00000	0.00000	0.00000
0.00000	0.00000	1.00000	0.00000
0.00000	0.00000	0.00000	1.00000

  PHYSICS (-0.50, 0.01);(0.01, -0.24);(0.13, -0.16);(0.13, -0.09);(0.00, -0.09);(-0.50, 0.17)
 CELL (-3, -4, 0) world=(-40.50, 43.50, 0.00) sprite=Wall A4_N bounds=Center: (0.00, 0.64, 0.00), Extents: (0.50, 1.00, 0.10) pivot=(64.00, 46.08) PPU=128 transform=1.00000	0.00000	0.00000	0.00000
0.00000	1.00000	0.00000	0.00000
0.00000	0.00000	1.00000	0.00000
0.00000	0.00000	0.00000	1.00000

  PHYSICS (-0.13, 0.24);(-0.13, 0.20);(-0.04, 0.15);(0.12, 0.23);(0.12, 0.28);(-0.04, 0.20)
  PHYSICS (0.23, 0.02);(0.37, -0.05);(0.50, 0.01);(0.50, 0.11);(0.37, 0.03);(0.23, 0.09)
 CELL (2, -4, 0) world=(-38.00, 44.75, 0.00) sprite=Wall A1_N bounds=Center: (0.00, 0.64, 0.00), Extents: (0.50, 1.00, 0.10) pivot=(64.00, 46.08) PPU=128 transform=1.00000	0.00000	0.00000	0.00000
0.00000	1.00000	0.00000	0.00000
0.00000	0.00000	1.00000	0.00000
0.00000	0.00000	0.00000	1.00000

 CELL (9, -4, 0) world=(-34.50, 46.50, 0.00) sprite=Wall A1_S bounds=Center: (0.00, 0.64, 0.00), Extents: (0.50, 1.00, 0.10) pivot=(64.00, 46.08) PPU=128 transform=1.00000	0.00000	0.00000	0.00000
0.00000	1.00000	0.00000	0.00000
0.00000	0.00000	1.00000	0.00000
0.00000	0.00000	0.00000	1.00000

 CELL (-3, -3, 0) world=(-41.00, 43.75, 0.00) sprite=Wall A1_N bounds=Center: (0.00, 0.64, 0.00), Extents: (0.50, 1.00, 0.10) pivot=(64.00, 46.08) PPU=128 transform=1.00000	0.00000	0.00000	0.00000
0.00000	1.00000	0.00000	0.00000
0.00000	0.00000	1.00000	0.00000
0.00000	0.00000	0.00000	1.00000

 CELL (2, -3, 0) world=(-38.50, 45.00, 0.00) sprite=Wall A1_N bounds=Center: (0.00, 0.64, 0.00), Extents: (0.50, 1.00, 0.10) pivot=(64.00, 46.08) PPU=128 transform=1.00000	0.00000	0.00000	0.00000
0.00000	1.00000	0.00000	0.00000
0.00000	0.00000	1.00000	0.00000
0.00000	0.00000	0.00000	1.00000

 CELL (6, -3, 0) world=(-36.50, 46.00, 0.00) sprite=Wall A4_W bounds=Center: (0.00, 0.64, 0.00), Extents: (0.50, 1.00, 0.10) pivot=(64.00, 46.08) PPU=128 transform=1.00000	0.00000	0.00000	0.00000
0.00000	1.00000	0.00000	0.00000
0.00000	0.00000	1.00000	0.00000
0.00000	0.00000	0.00000	1.00000

 CELL (7, -3, 0) world=(-36.00, 46.25, 0.00) sprite=Wall A1_W bounds=Center: (0.00, 0.64, 0.00), Extents: (0.50, 1.00, 0.10) pivot=(64.00, 46.08) PPU=128 transform=1.00000	0.00000	0.00000	0.00000
0.00000	1.00000	0.00000	0.00000
0.00000	0.00000	1.00000	0.00000
0.00000	0.00000	0.00000	1.00000

 CELL (8, -3, 0) world=(-35.50, 46.50, 0.00) sprite=Wall A1_W bounds=Center: (0.00, 0.64, 0.00), Extents: (0.50, 1.00, 0.10) pivot=(64.00, 46.08) PPU=128 transform=1.00000	0.00000	0.00000	0.00000
0.00000	1.00000	0.00000	0.00000
0.00000	0.00000	1.00000	0.00000
0.00000	0.00000	0.00000	1.00000

 CELL (9, -3, 0) world=(-35.00, 46.75, 0.00) sprite=Wall A1_S bounds=Center: (0.00, 0.64, 0.00), Extents: (0.50, 1.00, 0.10) pivot=(64.00, 46.08) PPU=128 transform=1.00000	0.00000	0.00000	0.00000
0.00000	1.00000	0.00000	0.00000
0.00000	0.00000	1.00000	0.00000
0.00000	0.00000	0.00000	1.00000

 CELL (-2, -2, 0) world=(-41.00, 44.25, 0.00) sprite=Wall A1_E bounds=Center: (0.00, 0.64, 0.00), Extents: (0.50, 1.00, 0.10) pivot=(64.00, 46.08) PPU=128 transform=1.00000	0.00000	0.00000	0.00000
0.00000	1.00000	0.00000	0.00000
0.00000	0.00000	1.00000	0.00000
0.00000	0.00000	0.00000	1.00000

  PHYSICS (-0.14, -0.07);(-0.13, -0.16);(0.01, -0.23);(0.50, 0.03);(0.50, 0.11);(0.20, -0.04);(0.00, -0.13)
 CELL (5, -2, 0) world=(-37.50, 46.00, 0.00) sprite=Wall A1_N bounds=Center: (0.00, 0.64, 0.00), Extents: (0.50, 1.00, 0.10) pivot=(64.00, 46.08) PPU=128 transform=1.00000	0.00000	0.00000	0.00000
0.00000	1.00000	0.00000	0.00000
0.00000	0.00000	1.00000	0.00000
0.00000	0.00000	0.00000	1.00000

 CELL (9, -2, 0) world=(-35.50, 47.00, 0.00) sprite=Wall A1_S bounds=Center: (0.00, 0.64, 0.00), Extents: (0.50, 1.00, 0.10) pivot=(64.00, 46.08) PPU=128 transform=1.00000	0.00000	0.00000	0.00000
0.00000	1.00000	0.00000	0.00000
0.00000	0.00000	1.00000	0.00000
0.00000	0.00000	0.00000	1.00000

 CELL (-2, -1, 0) world=(-41.50, 44.50, 0.00) sprite=Wall A1_N bounds=Center: (0.00, 0.64, 0.00), Extents: (0.50, 1.00, 0.10) pivot=(64.00, 46.08) PPU=128 transform=1.00000	0.00000	0.00000	0.00000
0.00000	1.00000	0.00000	0.00000
0.00000	0.00000	1.00000	0.00000
0.00000	0.00000	0.00000	1.00000

 CELL (5, -1, 0) world=(-38.00, 46.25, 0.00) sprite=Wall A1_N bounds=Center: (0.00, 0.64, 0.00), Extents: (0.50, 1.00, 0.10) pivot=(64.00, 46.08) PPU=128 transform=1.00000	0.00000	0.00000	0.00000
0.00000	1.00000	0.00000	0.00000
0.00000	0.00000	1.00000	0.00000
0.00000	0.00000	0.00000	1.00000

 CELL (9, -1, 0) world=(-36.00, 47.25, 0.00) sprite=Wall A1_S bounds=Center: (0.00, 0.64, 0.00), Extents: (0.50, 1.00, 0.10) pivot=(64.00, 46.08) PPU=128 transform=1.00000	0.00000	0.00000	0.00000
0.00000	1.00000	0.00000	0.00000
0.00000	0.00000	1.00000	0.00000
0.00000	0.00000	0.00000	1.00000

 CELL (-2, 0, 0) world=(-42.00, 44.75, 0.00) sprite=Wall A1_N bounds=Center: (0.00, 0.64, 0.00), Extents: (0.50, 1.00, 0.10) pivot=(64.00, 46.08) PPU=128 transform=1.00000	0.00000	0.00000	0.00000
0.00000	1.00000	0.00000	0.00000
0.00000	0.00000	1.00000	0.00000
0.00000	0.00000	0.00000	1.00000

 CELL (5, 0, 0) world=(-38.50, 46.50, 0.00) sprite=Wall A1_N bounds=Center: (0.00, 0.64, 0.00), Extents: (0.50, 1.00, 0.10) pivot=(64.00, 46.08) PPU=128 transform=1.00000	0.00000	0.00000	0.00000
0.00000	1.00000	0.00000	0.00000
0.00000	0.00000	1.00000	0.00000
0.00000	0.00000	0.00000	1.00000

 CELL (9, 0, 0) world=(-36.50, 47.50, 0.00) sprite=Wall A1_S bounds=Center: (0.00, 0.64, 0.00), Extents: (0.50, 1.00, 0.10) pivot=(64.00, 46.08) PPU=128 transform=1.00000	0.00000	0.00000	0.00000
0.00000	1.00000	0.00000	0.00000
0.00000	0.00000	1.00000	0.00000
0.00000	0.00000	0.00000	1.00000

 CELL (-1, 1, 0) world=(-42.00, 45.25, 0.00) sprite=Wall A1_E bounds=Center: (0.00, 0.64, 0.00), Extents: (0.50, 1.00, 0.10) pivot=(64.00, 46.08) PPU=128 transform=1.00000	0.00000	0.00000	0.00000
0.00000	1.00000	0.00000	0.00000
0.00000	0.00000	1.00000	0.00000
0.00000	0.00000	0.00000	1.00000

 CELL (0, 1, 0) world=(-41.50, 45.50, 0.00) sprite=Wall A1_E bounds=Center: (0.00, 0.64, 0.00), Extents: (0.50, 1.00, 0.10) pivot=(64.00, 46.08) PPU=128 transform=1.00000	0.00000	0.00000	0.00000
0.00000	1.00000	0.00000	0.00000
0.00000	0.00000	1.00000	0.00000
0.00000	0.00000	0.00000	1.00000

 CELL (1, 1, 0) world=(-41.00, 45.75, 0.00) sprite=Wall A1_E bounds=Center: (0.00, 0.64, 0.00), Extents: (0.50, 1.00, 0.10) pivot=(64.00, 46.08) PPU=128 transform=1.00000	0.00000	0.00000	0.00000
0.00000	1.00000	0.00000	0.00000
0.00000	0.00000	1.00000	0.00000
0.00000	0.00000	0.00000	1.00000

 CELL (2, 1, 0) world=(-40.50, 46.00, 0.00) sprite=Wall A1_E bounds=Center: (0.00, 0.64, 0.00), Extents: (0.50, 1.00, 0.10) pivot=(64.00, 46.08) PPU=128 transform=1.00000	0.00000	0.00000	0.00000
0.00000	1.00000	0.00000	0.00000
0.00000	0.00000	1.00000	0.00000
0.00000	0.00000	0.00000	1.00000

 CELL (3, 1, 0) world=(-40.00, 46.25, 0.00) sprite=Wall A1_E bounds=Center: (0.00, 0.64, 0.00), Extents: (0.50, 1.00, 0.10) pivot=(64.00, 46.08) PPU=128 transform=1.00000	0.00000	0.00000	0.00000
0.00000	1.00000	0.00000	0.00000
0.00000	0.00000	1.00000	0.00000
0.00000	0.00000	0.00000	1.00000

 CELL (4, 1, 0) world=(-39.50, 46.50, 0.00) sprite=Wall A1_E bounds=Center: (0.00, 0.64, 0.00), Extents: (0.50, 1.00, 0.10) pivot=(64.00, 46.08) PPU=128 transform=1.00000	0.00000	0.00000	0.00000
0.00000	1.00000	0.00000	0.00000
0.00000	0.00000	1.00000	0.00000
0.00000	0.00000	0.00000	1.00000

 CELL (5, 1, 0) world=(-39.00, 46.75, 0.00) sprite=Wall A1_E bounds=Center: (0.00, 0.64, 0.00), Extents: (0.50, 1.00, 0.10) pivot=(64.00, 46.08) PPU=128 transform=1.00000	0.00000	0.00000	0.00000
0.00000	1.00000	0.00000	0.00000
0.00000	0.00000	1.00000	0.00000
0.00000	0.00000	0.00000	1.00000

 CELL (6, 1, 0) world=(-38.50, 47.00, 0.00) sprite=Wall A1_E bounds=Center: (0.00, 0.64, 0.00), Extents: (0.50, 1.00, 0.10) pivot=(64.00, 46.08) PPU=128 transform=1.00000	0.00000	0.00000	0.00000
0.00000	1.00000	0.00000	0.00000
0.00000	0.00000	1.00000	0.00000
0.00000	0.00000	0.00000	1.00000

 CELL (7, 1, 0) world=(-38.00, 47.25, 0.00) sprite=Wall A1_E bounds=Center: (0.00, 0.64, 0.00), Extents: (0.50, 1.00, 0.10) pivot=(64.00, 46.08) PPU=128 transform=1.00000	0.00000	0.00000	0.00000
0.00000	1.00000	0.00000	0.00000
0.00000	0.00000	1.00000	0.00000
0.00000	0.00000	0.00000	1.00000

 CELL (8, 1, 0) world=(-37.50, 47.50, 0.00) sprite=Wall A1_E bounds=Center: (0.00, 0.64, 0.00), Extents: (0.50, 1.00, 0.10) pivot=(64.00, 46.08) PPU=128 transform=1.00000	0.00000	0.00000	0.00000
0.00000	1.00000	0.00000	0.00000
0.00000	0.00000	1.00000	0.00000
0.00000	0.00000	0.00000	1.00000

 CELL (9, 1, 0) world=(-37.00, 47.75, 0.00) sprite=Wall A6_E bounds=Center: (0.00, 0.64, 0.00), Extents: (0.50, 1.00, 0.10) pivot=(64.00, 46.08) PPU=128 transform=1.00000	0.00000	0.00000	0.00000
0.00000	1.00000	0.00000	0.00000
0.00000	0.00000	1.00000	0.00000
0.00000	0.00000	0.00000	1.00000

  PHYSICS (0.02, 0.91);(-0.03, 0.91);(-0.15, 0.85);(-0.15, -0.20);(-0.01, -0.25);(0.01, -0.25);(0.15, -0.18);(0.15, 0.86)
MAP ==========Map========== /Map/nhachinhxaydautien (12)/Trangtri matrix=1.00000	0.00000	0.00000	-41.00000
0.00000	1.00000	0.00000	45.00000
0.00000	0.00000	1.00000	0.00000
0.00000	0.00000	0.00000	1.00000
 mode=Individual sort=Gameplay/0
 CELL (-3, -5, 0) world=(-40.00, 43.25, 0.00) sprite=Trash2_S bounds=Center: (0.00, 0.64, 0.00), Extents: (0.50, 1.00, 0.10) pivot=(64.00, 46.08) PPU=128 transform=1.00000	0.00000	0.00000	0.00000
0.00000	1.00000	0.00000	0.00000
0.00000	0.00000	1.00000	0.00000
0.00000	0.00000	0.00000	1.00000

  PHYSICS (0.46, -0.13);(0.50, -0.07);(0.50, 0.14);(0.45, 0.26);(0.41, 0.35);(0.29, 0.52);(0.22, 0.52);(0.15, 0.52);(0.10, 0.46);(0.01, 0.42);(-0.05, 0.37);(-0.09, 0.30);(-0.23, 0.28);(-0.34, 0.24);(-0.34, 0.22);(-0.34, 0.07);(-0.31, -0.02);(-0.19, -0.13);(-0.05, -0.15);(0.06, -0.15);(0.13, -0.11);(0.35, -0.10);(0.38, -0.14)
 CELL (1, -5, 0) world=(-38.00, 44.25, 0.00) sprite=Debri39_E bounds=Center: (0.00, 0.64, 0.00), Extents: (0.50, 1.00, 0.10) pivot=(64.00, 46.08) PPU=128 transform=1.00000	0.00000	0.00000	0.00000
0.00000	1.00000	0.00000	0.00000
0.00000	0.00000	1.00000	0.00000
0.00000	0.00000	0.00000	1.00000

  PHYSICS (0.19, -0.16);(0.27, -0.13);(0.43, -0.06);(0.50, -0.01);(0.50, 0.03);(0.43, 0.05);(0.21, 0.10);(0.20, 0.10);(0.10, 0.07);(0.05, 0.07);(-0.12, 0.09);(-0.16, 0.07);(-0.16, -0.04);(-0.10, -0.09);(-0.09, -0.15);(-0.06, -0.23);(-0.01, -0.24);(0.05, -0.24);(0.11, -0.20);(0.12, -0.18);(0.14, -0.18)
 CELL (3, -5, 0) world=(-37.00, 44.75, 0.00) sprite=Store12_S bounds=Center: (0.00, 0.64, 0.00), Extents: (0.50, 1.00, 0.10) pivot=(64.00, 46.08) PPU=128 transform=1.00000	0.00000	0.00000	0.00000
0.00000	1.00000	0.00000	0.00000
0.00000	0.00000	1.00000	0.00000
0.00000	0.00000	0.00000	1.00000

  PHYSICS (0.30, 0.55);(-0.18, 0.80);(-0.25, 0.80);(-0.38, 0.73);(-0.38, 0.04);(0.10, -0.18);(0.20, -0.18);(0.28, -0.12);(0.30, -0.09)
 CELL (4, -5, 0) world=(-36.50, 45.00, 0.00) sprite=Bed3_S bounds=Center: (0.00, 0.64, 0.00), Extents: (0.50, 1.00, 0.10) pivot=(64.00, 46.08) PPU=128 transform=1.00000	0.00000	0.00000	0.00000
0.00000	1.00000	0.00000	0.00000
0.00000	0.00000	1.00000	0.00000
0.00000	0.00000	0.00000	1.00000

  PHYSICS (0.13, 0.37);(0.09, 0.35);(-0.03, 0.25);(-0.23, 0.27);(-0.24, 0.25);(-0.26, 0.08);(-0.26, -0.01);(-0.05, -0.12);(0.02, -0.12);(0.36, 0.05);(0.36, 0.27);(0.16, 0.37)
 CELL (7, -5, 0) world=(-35.00, 45.75, 0.00) sprite=Shelf7_E bounds=Center: (0.00, 0.64, 0.00), Extents: (0.50, 1.00, 0.10) pivot=(64.00, 46.08) PPU=128 transform=1.00000	0.00000	0.00000	0.00000
0.00000	1.00000	0.00000	0.00000
0.00000	0.00000	1.00000	0.00000
0.00000	0.00000	0.00000	1.00000

  PHYSICS (-0.09, 1.04);(-0.16, 1.04);(-0.27, 0.97);(-0.30, 0.36);(-0.30, 0.10);(-0.29, 0.03);(0.11, -0.13);(0.28, -0.13);(0.39, -0.06);(0.39, 0.79)
 CELL (0, -4, 0) world=(-39.00, 44.25, 0.00) sprite=Couch5_S bounds=Center: (0.00, 0.64, 0.00), Extents: (0.50, 1.00, 0.10) pivot=(64.00, 46.08) PPU=128 transform=1.00000	0.00000	0.00000	0.00000
0.00000	1.00000	0.00000	0.00000
0.00000	0.00000	1.00000	0.00000
0.00000	0.00000	0.00000	1.00000

  PHYSICS (0.33, 0.31);(0.12, 0.43);(0.05, 0.43);(0.00, 0.41);(-0.11, 0.25);(-0.25, 0.32);(-0.30, 0.24);(-0.30, 0.09);(-0.30, -0.03);(-0.21, -0.12);(0.09, -0.12);(0.23, 0.01);(0.28, 0.05);(0.33, 0.22)
 CELL (2, -4, 0) world=(-38.00, 44.75, 0.00) sprite=Kitchen4_E bounds=Center: (0.00, 0.64, 0.00), Extents: (0.50, 1.00, 0.10) pivot=(64.00, 46.08) PPU=128 transform=1.00000	0.00000	0.00000	0.00000
0.00000	1.00000	0.00000	0.00000
0.00000	0.00000	1.00000	0.00000
0.00000	0.00000	0.00000	1.00000

  PHYSICS (0.22, 0.53);(0.07, 0.55);(-0.30, 0.55);(-0.33, 0.42);(-0.33, 0.04);(0.16, -0.13);(0.21, -0.13);(0.35, -0.06);(0.35, 0.41)
  PHYSICS (-0.12, 1.00);(-0.18, 1.00);(-0.25, 0.94);(-0.25, 0.69);(0.07, 0.52);(0.13, 0.52);(0.22, 0.55);(0.22, 0.84);(0.20, 0.85)
 CELL (-1, -3, 0) world=(-40.00, 44.25, 0.00) sprite=Couch5_W bounds=Center: (0.00, 0.64, 0.00), Extents: (0.50, 1.00, 0.10) pivot=(64.00, 46.08) PPU=128 transform=1.00000	0.00000	0.00000	0.00000
0.00000	1.00000	0.00000	0.00000
0.00000	0.00000	1.00000	0.00000
0.00000	0.00000	0.00000	1.00000

  PHYSICS (0.27, 0.31);(0.07, 0.32);(0.00, 0.43);(-0.17, 0.43);(-0.26, 0.37);(-0.34, 0.27);(-0.34, 0.01);(-0.09, -0.12);(-0.02, -0.13);(0.09, -0.13);(0.29, -0.01);(0.30, 0.04);(0.30, 0.24)
 CELL (0, -3, 0) world=(-39.50, 44.50, 0.00) sprite=Table3_E bounds=Center: (0.00, 0.64, 0.00), Extents: (0.50, 1.00, 0.10) pivot=(64.00, 46.08) PPU=128 transform=1.00000	0.00000	0.00000	0.00000
0.00000	1.00000	0.00000	0.00000
0.00000	0.00000	1.00000	0.00000
0.00000	0.00000	0.00000	1.00000

  PHYSICS (0.23, 0.27);(0.19, 0.33);(0.10, 0.37);(-0.08, 0.37);(-0.20, 0.34);(-0.25, 0.27);(-0.20, 0.12);(-0.25, 0.05);(-0.25, -0.01);(-0.23, -0.06);(0.12, -0.06);(0.15, 0.11);(0.22, 0.16);(0.23, 0.19)
 CELL (1, -3, 0) world=(-39.00, 44.75, 0.00) sprite=Debri23_E bounds=Center: (0.00, 0.64, 0.00), Extents: (0.50, 1.00, 0.10) pivot=(64.00, 46.08) PPU=128 transform=1.00000	0.00000	0.00000	0.00000
0.00000	1.00000	0.00000	0.00000
0.00000	0.00000	1.00000	0.00000
0.00000	0.00000	0.00000	1.00000

  PHYSICS (0.36, -0.16);(0.41, -0.09);(0.41, 0.00);(0.41, 0.09);(0.30, 0.14);(0.23, 0.15);(0.13, 0.21);(0.07, 0.23);(-0.04, 0.23);(-0.09, 0.22);(-0.13, 0.23);(-0.21, 0.23);(-0.30, 0.19);(-0.29, 0.15);(-0.22, 0.09);(-0.11, 0.07);(-0.06, 0.09);(0.01, 0.07);(0.07, 0.03);(0.05, -0.02);(0.01, -0.01);(-0.02, -0.03);(-0.09, -0.03);(-0.14, -0.05);(-0.20, -0.02);(-0.30, -0.04);(-0.34, -0.02);(-0.35, -0.04);(-0.35, -0.06);(-0.34, -0.10);(-0.23, -0.17);(-0.09, -0.21);(-0.05, -0.21);(-0.02, -0.19);(0.08, -0.21);(0.13, -0.21);(0.22, -0.19);(0.30, -0.13);(0.31, -0.13);(0.33, -0.15)
  PHYSICS (-0.41, 0.06);(-0.42, 0.05);(-0.42, -0.02);(-0.41, -0.02);(-0.30, -0.02);(-0.30, 0.02);(-0.33, 0.06)
  PHYSICS (-0.28, 0.12);(-0.28, 0.10);(-0.27, 0.09);(-0.26, 0.09);(-0.23, 0.11);(-0.24, 0.13);(-0.27, 0.13)
 CELL (7, -3, 0) world=(-36.00, 46.25, 0.00) sprite=Misc21_W bounds=Center: (0.00, 0.64, 0.00), Extents: (0.50, 1.00, 0.10) pivot=(64.00, 46.08) PPU=128 transform=1.00000	0.00000	0.00000	0.00000
0.00000	1.00000	0.00000	0.00000
0.00000	0.00000	1.00000	0.00000
0.00000	0.00000	0.00000	1.00000

  PHYSICS (0.32, 0.02);(0.23, 0.09);(0.21, 0.14);(0.30, 0.09);(0.30, 0.05);(0.32, 0.03);(0.35, 0.03);(0.38, 0.14);(0.38, 0.24);(0.36, 0.30);(0.38, 0.34);(0.38, 0.36);(0.29, 0.44);(0.21, 0.45);(0.36, 0.54);(0.35, 0.59);(0.21, 0.75);(0.14, 0.75);(0.06, 0.71);(-0.03, 0.70);(-0.08, 0.62);(-0.17, 0.71);(-0.31, 0.67);(-0.30, 0.62);(-0.28, 0.61);(-0.33, 0.55);(-0.29, 0.51);(-0.36, 0.45);(-0.36, 0.41);(-0.33, 0.37);(-0.18, 0.38);(-0.27, 0.32);(-0.33, 0.31);(-0.38, 0.21);(-0.23, 0.23);(-0.38, 0.15);(-0.39, 0.10);(-0.39, -0.01);(-0.33, -0.07);(-0.16, -0.09);(0.00, -0.14);(0.11, -0.14);(0.17, -0.07);(0.28, -0.06);(0.32, -0.01)
  PHYSICS (-0.11, 0.29);(-0.10, 0.30);(-0.11, 0.30);(-0.08, 0.27);(-0.09, 0.29)
 CELL (0, -2, 0) world=(-40.00, 44.75, 0.00) sprite=Couch5_N bounds=Center: (0.00, 0.64, 0.00), Extents: (0.50, 1.00, 0.10) pivot=(64.00, 46.08) PPU=128 transform=1.00000	0.00000	0.00000	0.00000
0.00000	1.00000	0.00000	0.00000
0.00000	0.00000	1.00000	0.00000
0.00000	0.00000	0.00000	1.00000

  PHYSICS (0.28, 0.32);(0.11, 0.43);(-0.02, 0.43);(-0.30, 0.30);(-0.35, 0.27);(-0.35, 0.18);(-0.32, 0.06);(-0.35, 0.01);(-0.35, -0.03);(-0.22, -0.11);(-0.10, -0.13);(-0.05, -0.13);(0.20, -0.01);(0.27, 0.05);(0.28, 0.18)
 CELL (7, -2, 0) world=(-36.50, 46.50, 0.00) sprite=Toilet7_W bounds=Center: (0.00, 0.64, 0.00), Extents: (0.50, 1.00, 0.10) pivot=(64.00, 46.08) PPU=128 transform=1.00000	0.00000	0.00000	0.00000
0.00000	1.00000	0.00000	0.00000
0.00000	0.00000	1.00000	0.00000
0.00000	0.00000	0.00000	1.00000

  PHYSICS (0.20, 0.77);(-0.16, 0.75);(-0.18, 0.73);(-0.30, 0.77);(-0.35, 0.77);(-0.37, 0.77);(-0.37, -0.06);(-0.19, -0.16);(0.20, -0.16);(0.37, -0.06);(0.37, 0.77);(0.35, 0.77)
  PHYSICS (-0.30, 0.05);(-0.30, 0.05);(-0.27, 0.06);(-0.27, 0.05);(-0.26, 0.06);(-0.26, 0.07);(-0.30, 0.04)
  PHYSICS (0.27, 0.09);(0.26, 0.09);(0.26, 0.13);(0.28, 0.16);(0.28, 0.16);(0.26, 0.19);(0.27, 0.19);(0.29, 0.21);(0.28, 0.23);(0.30, 0.21);(0.30, 0.11);(0.29, 0.11);(0.27, 0.09);(0.27, 0.06);(0.26, 0.07)
  PHYSICS (-0.30, 0.15);(-0.28, 0.16);(-0.27, 0.18);(-0.26, 0.19);(-0.27, 0.16);(-0.26, 0.15);(-0.26, 0.10);(-0.26, 0.11);(-0.29, 0.13);(-0.30, 0.13);(-0.32, 0.11);(-0.32, 0.10);(-0.31, 0.09);(-0.30, 0.09)
  PHYSICS (0.16, 0.12);(0.16, 0.13);(0.14, 0.16);(0.13, 0.15);(0.13, 0.16);(0.11, 0.19);(0.10, 0.19);(0.09, 0.18);(0.10, 0.17);(0.13, 0.17);(0.13, 0.18);(0.16, 0.18);(0.18, 0.20);(0.18, 0.21);(0.16, 0.23);(0.13, 0.23);(0.13, 0.23);(0.09, 0.23);(0.09, 0.23);(0.04, 0.23);(0.05, 0.23);(0.08, 0.25);(0.08, 0.26);(0.05, 0.28);(0.05, 0.28);(0.04, 0.27);(0.03, 0.27);(0.05, 0.30);(0.06, 0.30);(0.09, 0.27);(0.10, 0.27);(0.13, 0.30);(0.13, 0.30);(0.13, 0.30);(0.20, 0.34);(0.20, 0.16);(0.20, 0.15);(0.20, 0.14);(0.20, 0.09);(0.20, 0.10)
  PHYSICS (-0.16, 0.11);(-0.19, 0.10);(-0.18, 0.09)
  PHYSICS (-0.15, 0.15);(-0.15, 0.14);(-0.14, 0.15);(-0.09, 0.14);(-0.06, 0.16);(-0.05, 0.16);(-0.03, 0.18);(-0.04, 0.18);(-0.13, 0.13);(-0.13, 0.14)
  PHYSICS (0.17, 0.12);(0.20, 0.12);(0.20, 0.15);(0.17, 0.16);(0.16, 0.14)
  PHYSICS (-0.20, 0.19);(-0.20, 0.18);(-0.17, 0.19);(-0.16, 0.23);(-0.18, 0.25);(-0.20, 0.26);(-0.20, 0.28);(-0.20, 0.30);(-0.20, 0.30);(-0.21, 0.35);(-0.20, 0.34);(-0.17, 0.34);(-0.18, 0.34);(-0.18, 0.31);(-0.16, 0.29);(-0.15, 0.29);(-0.13, 0.31);(-0.13, 0.31);(-0.12, 0.30);(-0.11, 0.30);(-0.09, 0.31);(-0.07, 0.30);(-0.06, 0.30);(-0.04, 0.32);(-0.04, 0.33);(-0.06, 0.35);(-0.05, 0.36);(-0.05, 0.44);(-0.04, 0.45);(-0.04, 0.46);(-0.05, 0.48);(-0.09, 0.49);(-0.09, 0.48);(-0.08, 0.48);(-0.06, 0.49);(-0.05, 0.49);(-0.03, 0.47);(-0.03, 0.43);(-0.04, 0.41);(-0.03, 0.41);(-0.03, 0.41);(-0.05, 0.39);(-0.05, 0.30);(-0.05, 0.29);(-0.05, 0.27);(-0.05, 0.26);(-0.03, 0.23);(-0.04, 0.25);(-0.05, 0.25);(-0.08, 0.22);(-0.07, 0.20);(-0.06, 0.22);(-0.08, 0.23);(-0.09, 0.27);(-0.11, 0.29);(-0.12, 0.29);(-0.14, 0.27);(-0.14, 0.26);(-0.13, 0.25);(-0.13, 0.22);(-0.11, 0.20);(-0.11, 0.19);(-0.12, 0.19);(-0.13, 0.20);(-0.17, 0.20);(-0.20, 0.18);(-0.20, 0.17);(-0.20, 0.16)
  PHYSICS (0.03, 0.18);(0.04, 0.18);(0.03, 0.19)
  PHYSICS (-0.30, 0.31);(-0.30, 0.33);(-0.29, 0.35);(-0.29, 0.34);(-0.26, 0.30);(-0.26, 0.25);(-0.30, 0.21);(-0.30, 0.20)
  PHYSICS (0.13, 0.23);(0.15, 0.23);(0.15, 0.26);(0.13, 0.27);(0.11, 0.25)
  PHYSICS (0.34, 0.37);(0.28, 0.38);(0.25, 0.36);(0.24, 0.25);(0.25, 0.19)
  PHYSICS (0.32, 0.27);(0.30, 0.29);(0.30, 0.30);(0.30, 0.31);(0.30, 0.34);(0.30, 0.32);(0.30, 0.31);(0.31, 0.26)
  PHYSICS (-0.29, 0.27);(-0.27, 0.28);(-0.27, 0.30);(-0.29, 0.31);(-0.30, 0.30)
  PHYSICS (0.16, 0.30);(0.17, 0.28);(0.20, 0.28);(0.21, 0.30);(0.20, 0.32);(0.18, 0.32)
  PHYSICS (0.12, 0.36);(0.14, 0.39);(0.13, 0.41);(0.16, 0.43);(0.16, 0.44);(0.13, 0.48);(0.12, 0.48);(0.09, 0.44);(0.09, 0.42);(0.07, 0.40);(0.06, 0.40);(0.04, 0.37);(0.05, 0.37);(0.05, 0.38);(0.05, 0.40);(0.03, 0.42);(0.03, 0.45);(0.04, 0.45);(0.08, 0.49);(0.08, 0.50);(0.05, 0.52);(0.05, 0.52);(0.02, 0.50);(0.03, 0.62);(0.06, 0.61);(0.07, 0.62);(0.14, 0.62);(0.15, 0.62);(0.17, 0.62);(0.20, 0.65);(0.20, 0.57);(0.19, 0.55);(0.19, 0.55);(0.20, 0.52);(0.19, 0.51);(0.19, 0.50);(0.20, 0.48);(0.20, 0.49);(0.18, 0.52);(0.17, 0.52);(0.15, 0.54);(0.14, 0.54);(0.12, 0.52);(0.12, 0.51);(0.13, 0.50);(0.12, 0.48);(0.14, 0.46);(0.16, 0.46);(0.20, 0.42);(0.20, 0.41);(0.18, 0.39);(0.18, 0.38);(0.19, 0.37);(0.17, 0.37);(0.16, 0.37);(0.14, 0.36);(0.13, 0.36);(0.11, 0.37);(0.09, 0.34)
  PHYSICS (-0.10, 0.37);(-0.11, 0.38);(-0.11, 0.43);(-0.11, 0.35);(-0.10, 0.35)
  PHYSICS (-0.20, 0.65);(-0.17, 0.63);(-0.20, 0.54);(-0.18, 0.40);(-0.20, 0.40);(-0.21, 0.39);(-0.20, 0.39)
  PHYSICS (0.26, 0.42);(0.27, 0.42);(0.29, 0.44);(0.29, 0.45);(0.28, 0.46);(0.30, 0.46);(0.31, 0.47);(0.30, 0.48);(0.28, 0.45);(0.29, 0.43);(0.28, 0.41);(0.27, 0.42);(0.24, 0.41);(0.26, 0.40)
  PHYSICS (-0.30, 0.42);(-0.31, 0.46);(-0.30, 0.45);(-0.29, 0.45);(-0.27, 0.48);(-0.27, 0.51);(-0.26, 0.49);(-0.26, 0.48);(-0.28, 0.45);(-0.28, 0.44);(-0.27, 0.44);(-0.27, 0.42);(-0.29, 0.41);(-0.29, 0.41)
  PHYSICS (0.26, 0.56);(0.27, 0.58);(0.26, 0.59);(0.27, 0.66);(0.30, 0.69);(0.29, 0.66);(0.29, 0.66);(0.30, 0.64);(0.30, 0.61);(0.28, 0.59);(0.28, 0.58);(0.30, 0.55);(0.30, 0.52);(0.27, 0.54);(0.27, 0.54);(0.24, 0.52);(0.24, 0.51);(0.25, 0.49);(0.26, 0.49)
  PHYSICS (0.07, 0.51);(0.09, 0.52);(0.09, 0.54);(0.07, 0.55);(0.05, 0.53)
  PHYSICS (-0.30, 0.58);(-0.29, 0.59);(-0.29, 0.60);(-0.30, 0.62);(-0.30, 0.69);(-0.26, 0.66);(-0.25, 0.62);(-0.27, 0.64);(-0.27, 0.64);(-0.30, 0.62);(-0.30, 0.59);(-0.29, 0.58);(-0.31, 0.55);(-0.31, 0.53);(-0.30, 0.53)
  PHYSICS (-0.25, 0.56);(-0.26, 0.57);(-0.24, 0.59);(-0.25, 0.59);(-0.25, 0.55)
  PHYSICS (-0.10, 0.60);(-0.09, 0.62);(-0.03, 0.62);(-0.03, 0.59);(-0.04, 0.59);(-0.06, 0.59);(-0.09, 0.55);(-0.09, 0.55);(-0.10, 0.55)
  PHYSICS (0.09, 0.55);(0.11, 0.53);(0.13, 0.54);(0.13, 0.57);(0.12, 0.59);(0.09, 0.58)
  PHYSICS (0.13, 0.59);(0.15, 0.59);(0.15, 0.62);(0.13, 0.62);(0.11, 0.61)
  PHYSICS (-0.01, 0.90);(-0.02, 0.90);(-0.13, 0.97);(-0.16, 0.97);(-0.19, 0.94);(-0.19, 0.91);(-0.17, 0.89);(-0.19, 0.86);(-0.19, 0.80);(-0.06, 0.73);(0.00, 0.73);(0.14, 0.80);(0.14, 0.81);(0.13, 0.84)
 CELL (0, -1, 0) world=(-40.50, 45.00, 0.00) sprite=Debri16_W bounds=Center: (0.00, 0.64, 0.00), Extents: (0.50, 1.00, 0.10) pivot=(64.00, 46.08) PPU=128 transform=1.00000	0.00000	0.00000	0.00000
0.00000	1.00000	0.00000	0.00000
0.00000	0.00000	1.00000	0.00000
0.00000	0.00000	0.00000	1.00000

  PHYSICS (0.27, 0.03);(0.23, 0.05);(-0.05, 0.11);(-0.10, 0.11);(-0.23, 0.00);(-0.23, -0.03);(-0.16, -0.11);(-0.08, -0.11);(0.04, -0.10);(0.10, -0.11);(0.20, -0.11);(0.23, -0.08);(0.27, -0.01)
  PHYSICS (0.39, 0.18);(0.22, 0.18);(0.15, 0.15);(0.15, 0.09);(0.18, 0.04);(0.34, 0.04);(0.42, 0.07);(0.42, 0.16)
 CELL (7, -1, 0) world=(-37.00, 46.75, 0.00) sprite=Hospital9_W bounds=Center: (0.00, 0.64, 0.00), Extents: (0.50, 1.00, 0.10) pivot=(64.00, 46.08) PPU=128 transform=1.00000	0.00000	0.00000	0.00000
0.00000	1.00000	0.00000	0.00000
0.00000	0.00000	1.00000	0.00000
0.00000	0.00000	0.00000	1.00000

  PHYSICS (0.17, 0.96);(0.17, 0.99);(0.16, 1.00);(0.11, 1.00);(-0.36, 0.75);(-0.36, -0.07);(-0.23, -0.07);(-0.16, -0.06);(-0.15, 0.01);(-0.13, 0.41);(-0.13, 0.79)
 CELL (-1, 0, 0) world=(-41.50, 45.00, 0.00) sprite=Misc21_S bounds=Center: (0.00, 0.64, 0.00), Extents: (0.50, 1.00, 0.10) pivot=(64.00, 46.08) PPU=128 transform=1.00000	0.00000	0.00000	0.00000
0.00000	1.00000	0.00000	0.00000
0.00000	0.00000	1.00000	0.00000
0.00000	0.00000	0.00000	1.00000

  PHYSICS (0.32, 0.08);(0.28, 0.23);(0.34, 0.24);(0.34, 0.30);(0.29, 0.35);(0.34, 0.37);(0.34, 0.41);(0.31, 0.47);(0.29, 0.48);(0.26, 0.55);(0.21, 0.56);(0.27, 0.64);(0.24, 0.70);(0.19, 0.70);(0.15, 0.69);(0.02, 0.66);(-0.07, 0.76);(-0.17, 0.76);(-0.22, 0.74);(-0.20, 0.61);(-0.25, 0.61);(-0.28, 0.59);(-0.28, 0.57);(-0.26, 0.54);(-0.22, 0.52);(-0.34, 0.52);(-0.41, 0.48);(-0.39, 0.42);(-0.27, 0.38);(-0.34, 0.34);(-0.33, 0.30);(-0.30, 0.29);(-0.34, 0.23);(-0.37, 0.11);(-0.46, 0.08);(-0.48, 0.05);(-0.48, -0.01);(-0.43, -0.05);(-0.23, -0.02);(-0.17, -0.12);(-0.08, -0.12);(-0.05, -0.06);(0.13, -0.09);(0.22, -0.04)
  PHYSICS (0.14, 0.01);(0.13, 0.02);(0.15, 0.05);(0.14, 0.04);(0.16, 0.01);(0.16, 0.01)
  PHYSICS (-0.27, 0.11);(-0.26, 0.11);(-0.25, 0.10);(-0.27, 0.10)
 CELL (0, 0, 0) world=(-41.00, 45.25, 0.00) sprite=Table1_W bounds=Center: (0.00, 0.64, 0.00), Extents: (0.50, 1.00, 0.10) pivot=(64.00, 46.08) PPU=128 transform=1.00000	0.00000	0.00000	0.00000
0.00000	1.00000	0.00000	0.00000
0.00000	0.00000	1.00000	0.00000
0.00000	0.00000	0.00000	1.00000

  PHYSICS (0.07, -0.09);(0.24, -0.06);(0.28, 0.20);(0.28, 0.33);(0.10, 0.41);(0.02, 0.41);(-0.20, 0.37);(-0.36, 0.21);(-0.35, 0.17);(-0.36, 0.09);(-0.36, -0.03);(-0.25, -0.09);(-0.18, -0.12);(-0.13, -0.12);(-0.10, -0.11);(-0.05, -0.07);(0.04, -0.12);(0.05, -0.12)
  PHYSICS (0.13, 0.02);(0.14, 0.04);(0.14, 0.06);(0.16, 0.07);(0.16, 0.03);(0.16, 0.02);(0.17, 0.00);(0.17, 0.01)
  PHYSICS (-0.26, 0.10);(-0.20, 0.08);(-0.26, 0.05)
 CELL (1, 0, 0) world=(-40.50, 45.50, 0.00) sprite=Table8_W bounds=Center: (0.00, 0.64, 0.00), Extents: (0.50, 1.00, 0.10) pivot=(64.00, 46.08) PPU=128 transform=1.00000	0.00000	0.00000	0.00000
0.00000	1.00000	0.00000	0.00000
0.00000	0.00000	1.00000	0.00000
0.00000	0.00000	0.00000	1.00000

  PHYSICS (0.03, 0.58);(-0.27, 0.46);(-0.34, 0.19);(-0.34, -0.05);(-0.24, -0.09);(-0.18, -0.09);(-0.13, -0.07);(0.20, 0.08);(0.20, 0.41);(0.09, 0.58)
 CELL (2, 0, 0) world=(-40.00, 45.75, 0.00) sprite=Painting3_W bounds=Center: (0.00, 0.64, 0.00), Extents: (0.50, 1.00, 0.10) pivot=(64.00, 46.08) PPU=128 transform=1.00000	0.00000	0.00000	0.00000
0.00000	1.00000	0.00000	0.00000
0.00000	0.00000	1.00000	0.00000
0.00000	0.00000	0.00000	1.00000

  PHYSICS (-0.12, 0.48);(-0.16, 0.48);(-0.30, 0.40);(-0.30, 0.23);(-0.28, 0.21);(-0.24, 0.21);(-0.10, 0.30);(-0.10, 0.47)
  PHYSICS (-0.09, 0.70);(-0.10, 0.61);(-0.10, 0.25);(0.00, 0.25);(0.05, 0.27);(0.05, 0.77);(0.04, 0.77)
  PHYSICS (0.01, 1.07);(-0.25, 0.93);(-0.27, 0.76);(-0.27, 0.43);(-0.21, 0.43);(-0.09, 0.48);(0.06, 0.82);(0.06, 1.06);(0.05, 1.07)
 CELL (3, 0, 0) world=(-39.50, 46.00, 0.00) sprite=Shelf5_N bounds=Center: (0.00, 0.64, 0.00), Extents: (0.50, 1.00, 0.10) pivot=(64.00, 46.08) PPU=128 transform=1.00000	0.00000	0.00000	0.00000
0.00000	1.00000	0.00000	0.00000
0.00000	0.00000	1.00000	0.00000
0.00000	0.00000	0.00000	1.00000

  PHYSICS (0.17, 0.84);(0.06, 0.90);(0.01, 0.90);(-0.27, 0.77);(-0.27, 0.58);(-0.25, 0.02);(-0.26, -0.04);(-0.07, -0.14);(0.13, -0.14);(0.25, -0.10);(0.25, 0.07);(0.24, 0.11);(0.13, 0.14);(0.14, 0.77)
 CELL (4, 0, 0) world=(-39.00, 46.25, 0.00) sprite=Store12_W bounds=Center: (0.00, 0.64, 0.00), Extents: (0.50, 1.00, 0.10) pivot=(64.00, 46.08) PPU=128 transform=1.00000	0.00000	0.00000	0.00000
0.00000	1.00000	0.00000	0.00000
0.00000	0.00000	1.00000	0.00000
0.00000	0.00000	0.00000	1.00000

  PHYSICS (0.09, 0.84);(-0.38, 0.59);(-0.38, -0.06);(-0.25, -0.14);(-0.20, -0.14);(0.30, 0.07);(0.30, 0.81);(0.19, 0.84)
 CELL (5, 0, 0) world=(-38.50, 46.50, 0.00) sprite=Misc21_W bounds=Center: (0.00, 0.64, 0.00), Extents: (0.50, 1.00, 0.10) pivot=(64.00, 46.08) PPU=128 transform=1.00000	0.00000	0.00000	0.00000
0.00000	1.00000	0.00000	0.00000
0.00000	0.00000	1.00000	0.00000
0.00000	0.00000	0.00000	1.00000

 CELL (7, 0, 0) world=(-37.50, 47.00, 0.00) sprite=Toilet3_W bounds=Center: (0.00, 0.64, 0.00), Extents: (0.50, 1.00, 0.10) pivot=(64.00, 46.08) PPU=128 transform=1.00000	0.00000	0.00000	0.00000
0.00000	1.00000	0.00000	0.00000
0.00000	0.00000	1.00000	0.00000
0.00000	0.00000	0.00000	1.00000

  PHYSICS (-0.16, 0.37);(-0.19, 0.31);(-0.19, 0.01);(-0.09, -0.02);(0.05, -0.02);(0.09, 0.06);(0.09, 0.29);(-0.01, 0.37)
MAP ==========Map========== /Map/nhachinhxaydautien (12)/nocnha (1) matrix=1.00000	0.00000	0.00000	-41.00000
0.00000	1.00000	0.00000	45.00000
0.00000	0.00000	1.00000	0.00000
0.00000	0.00000	0.00000	1.00000
 mode=Individual sort=Foreground/0
 CELL (-1, -3, 0) world=(-40.00, 44.25, 0.00) sprite=Roof A2_E_0 bounds=Center: (0.00, 0.00, 0.00), Extents: (0.64, 0.42, 0.10) pivot=(64.00, 42.00) PPU=100 transform=1.00000	0.00000	0.00000	0.00000
0.00000	1.00000	0.00000	0.00000
0.00000	0.00000	1.00000	0.00000
0.00000	0.00000	0.00000	1.00000

  PHYSICS (-0.43, 0.41);(-0.64, 0.32);(-0.64, -0.10);(-0.02, -0.41);(0.02, -0.41);(0.64, -0.10);(0.64, 0.36);(0.48, 0.41)
 CELL (0, -3, 0) world=(-39.50, 44.50, 0.00) sprite=Roof A1_E_0 bounds=Center: (0.00, 0.00, 0.00), Extents: (0.64, 0.42, 0.10) pivot=(64.00, 42.00) PPU=100 transform=1.00000	0.00000	0.00000	0.00000
0.00000	1.00000	0.00000	0.00000
0.00000	0.00000	1.00000	0.00000
0.00000	0.00000	0.00000	1.00000

  PHYSICS (-0.20, 0.41);(-0.64, 0.13);(-0.64, -0.12);(-0.02, -0.41);(0.07, -0.41);(0.64, -0.10);(0.64, 0.36);(0.48, 0.41)
 CELL (1, -3, 0) world=(-39.00, 44.75, 0.00) sprite=Roof A1_E_0 bounds=Center: (0.00, 0.00, 0.00), Extents: (0.64, 0.42, 0.10) pivot=(64.00, 42.00) PPU=100 transform=1.00000	0.00000	0.00000	0.00000
0.00000	1.00000	0.00000	0.00000
0.00000	0.00000	1.00000	0.00000
0.00000	0.00000	0.00000	1.00000

 CELL (2, -3, 0) world=(-38.50, 45.00, 0.00) sprite=Roof A1_E_0 bounds=Center: (0.00, 0.00, 0.00), Extents: (0.64, 0.42, 0.10) pivot=(64.00, 42.00) PPU=100 transform=1.00000	0.00000	0.00000	0.00000
0.00000	1.00000	0.00000	0.00000
0.00000	0.00000	1.00000	0.00000
0.00000	0.00000	0.00000	1.00000

 CELL (3, -3, 0) world=(-38.00, 45.25, 0.00) sprite=Roof A1_E_0 bounds=Center: (0.00, 0.00, 0.00), Extents: (0.64, 0.42, 0.10) pivot=(64.00, 42.00) PPU=100 transform=1.00000	0.00000	0.00000	0.00000
0.00000	1.00000	0.00000	0.00000
0.00000	0.00000	1.00000	0.00000
0.00000	0.00000	0.00000	1.00000

 CELL (4, -3, 0) world=(-37.50, 45.50, 0.00) sprite=Roof A1_E_0 bounds=Center: (0.00, 0.00, 0.00), Extents: (0.64, 0.42, 0.10) pivot=(64.00, 42.00) PPU=100 transform=1.00000	0.00000	0.00000	0.00000
0.00000	1.00000	0.00000	0.00000
0.00000	0.00000	1.00000	0.00000
0.00000	0.00000	0.00000	1.00000

 CELL (5, -3, 0) world=(-37.00, 45.75, 0.00) sprite=Roof A1_E_0 bounds=Center: (0.00, 0.00, 0.00), Extents: (0.64, 0.42, 0.10) pivot=(64.00, 42.00) PPU=100 transform=1.00000	0.00000	0.00000	0.00000
0.00000	1.00000	0.00000	0.00000
0.00000	0.00000	1.00000	0.00000
0.00000	0.00000	0.00000	1.00000

 CELL (6, -3, 0) world=(-36.50, 46.00, 0.00) sprite=Roof A1_E_0 bounds=Center: (0.00, 0.00, 0.00), Extents: (0.64, 0.42, 0.10) pivot=(64.00, 42.00) PPU=100 transform=1.00000	0.00000	0.00000	0.00000
0.00000	1.00000	0.00000	0.00000
0.00000	0.00000	1.00000	0.00000
0.00000	0.00000	0.00000	1.00000

 CELL (7, -3, 0) world=(-36.00, 46.25, 0.00) sprite=Roof A1_E_0 bounds=Center: (0.00, 0.00, 0.00), Extents: (0.64, 0.42, 0.10) pivot=(64.00, 42.00) PPU=100 transform=1.00000	0.00000	0.00000	0.00000
0.00000	1.00000	0.00000	0.00000
0.00000	0.00000	1.00000	0.00000
0.00000	0.00000	0.00000	1.00000

 CELL (8, -3, 0) world=(-35.50, 46.50, 0.00) sprite=Roof A1_E_0 bounds=Center: (0.00, 0.00, 0.00), Extents: (0.64, 0.42, 0.10) pivot=(64.00, 42.00) PPU=100 transform=1.00000	0.00000	0.00000	0.00000
0.00000	1.00000	0.00000	0.00000
0.00000	0.00000	1.00000	0.00000
0.00000	0.00000	0.00000	1.00000

 CELL (9, -3, 0) world=(-35.00, 46.75, 0.00) sprite=Roof A1_E_0 bounds=Center: (0.00, 0.00, 0.00), Extents: (0.64, 0.42, 0.10) pivot=(64.00, 42.00) PPU=100 transform=1.00000	0.00000	0.00000	0.00000
0.00000	1.00000	0.00000	0.00000
0.00000	0.00000	1.00000	0.00000
0.00000	0.00000	0.00000	1.00000

 CELL (10, -3, 0) world=(-34.50, 47.00, 0.00) sprite=Roof A2_N_0 bounds=Center: (0.00, 0.00, 0.00), Extents: (0.64, 0.51, 0.10) pivot=(64.00, 51.00) PPU=100 transform=1.00000	0.00000	0.00000	0.00000
0.00000	1.00000	0.00000	0.00000
0.00000	0.00000	1.00000	0.00000
0.00000	0.00000	0.00000	1.00000

  PHYSICS (-0.19, 0.50);(-0.64, 0.17);(-0.64, -0.21);(-0.02, -0.50);(0.07, -0.50);(0.64, -0.19);(0.64, 0.19);(0.24, 0.50)
 CELL (-1, -2, 0) world=(-40.50, 44.50, 0.00) sprite=Roof A1_S_0 bounds=Center: (0.00, 0.00, 0.00), Extents: (0.64, 0.42, 0.10) pivot=(64.00, 42.00) PPU=100 transform=1.00000	0.00000	0.00000	0.00000
0.00000	1.00000	0.00000	0.00000
0.00000	0.00000	1.00000	0.00000
0.00000	0.00000	0.00000	1.00000

  PHYSICS (-0.28, 0.41);(-0.64, 0.31);(-0.64, -0.10);(-0.07, -0.41);(0.02, -0.41);(0.64, -0.12);(0.64, 0.12);(0.11, 0.41)
 CELL (0, -2, 0) world=(-40.00, 44.75, 0.00) sprite=Roof A3_E_0 bounds=Center: (0.00, 0.00, 0.00), Extents: (0.64, 0.42, 0.10) pivot=(64.00, 42.00) PPU=100 transform=1.00000	0.00000	0.00000	0.00000
0.00000	1.00000	0.00000	0.00000
0.00000	0.00000	1.00000	0.00000
0.00000	0.00000	0.00000	1.00000

  PHYSICS (-0.02, 0.41);(-0.64, 0.12);(-0.64, -0.12);(-0.02, -0.41);(0.07, -0.41);(0.64, -0.10);(0.64, 0.10);(0.07, 0.41)
 CELL (1, -2, 0) world=(-39.50, 45.00, 0.00) sprite=Roof A3_E_0 bounds=Center: (0.00, 0.00, 0.00), Extents: (0.64, 0.42, 0.10) pivot=(64.00, 42.00) PPU=100 transform=1.00000	0.00000	0.00000	0.00000
0.00000	1.00000	0.00000	0.00000
0.00000	0.00000	1.00000	0.00000
0.00000	0.00000	0.00000	1.00000

 CELL (2, -2, 0) world=(-39.00, 45.25, 0.00) sprite=Roof A3_E_0 bounds=Center: (0.00, 0.00, 0.00), Extents: (0.64, 0.42, 0.10) pivot=(64.00, 42.00) PPU=100 transform=1.00000	0.00000	0.00000	0.00000
0.00000	1.00000	0.00000	0.00000
0.00000	0.00000	1.00000	0.00000
0.00000	0.00000	0.00000	1.00000

 CELL (3, -2, 0) world=(-38.50, 45.50, 0.00) sprite=Roof A3_E_0 bounds=Center: (0.00, 0.00, 0.00), Extents: (0.64, 0.42, 0.10) pivot=(64.00, 42.00) PPU=100 transform=1.00000	0.00000	0.00000	0.00000
0.00000	1.00000	0.00000	0.00000
0.00000	0.00000	1.00000	0.00000
0.00000	0.00000	0.00000	1.00000

 CELL (4, -2, 0) world=(-38.00, 45.75, 0.00) sprite=Roof A3_E_0 bounds=Center: (0.00, 0.00, 0.00), Extents: (0.64, 0.42, 0.10) pivot=(64.00, 42.00) PPU=100 transform=1.00000	0.00000	0.00000	0.00000
0.00000	1.00000	0.00000	0.00000
0.00000	0.00000	1.00000	0.00000
0.00000	0.00000	0.00000	1.00000

 CELL (5, -2, 0) world=(-37.50, 46.00, 0.00) sprite=Roof A3_E_0 bounds=Center: (0.00, 0.00, 0.00), Extents: (0.64, 0.42, 0.10) pivot=(64.00, 42.00) PPU=100 transform=1.00000	0.00000	0.00000	0.00000
0.00000	1.00000	0.00000	0.00000
0.00000	0.00000	1.00000	0.00000
0.00000	0.00000	0.00000	1.00000

 CELL (6, -2, 0) world=(-37.00, 46.25, 0.00) sprite=Roof A3_E_0 bounds=Center: (0.00, 0.00, 0.00), Extents: (0.64, 0.42, 0.10) pivot=(64.00, 42.00) PPU=100 transform=1.00000	0.00000	0.00000	0.00000
0.00000	1.00000	0.00000	0.00000
0.00000	0.00000	1.00000	0.00000
0.00000	0.00000	0.00000	1.00000

 CELL (7, -2, 0) world=(-36.50, 46.50, 0.00) sprite=Roof A3_E_0 bounds=Center: (0.00, 0.00, 0.00), Extents: (0.64, 0.42, 0.10) pivot=(64.00, 42.00) PPU=100 transform=1.00000	0.00000	0.00000	0.00000
0.00000	1.00000	0.00000	0.00000
0.00000	0.00000	1.00000	0.00000
0.00000	0.00000	0.00000	1.00000

 CELL (8, -2, 0) world=(-36.00, 46.75, 0.00) sprite=Roof A3_E_0 bounds=Center: (0.00, 0.00, 0.00), Extents: (0.64, 0.42, 0.10) pivot=(64.00, 42.00) PPU=100 transform=1.00000	0.00000	0.00000	0.00000
0.00000	1.00000	0.00000	0.00000
0.00000	0.00000	1.00000	0.00000
0.00000	0.00000	0.00000	1.00000

 CELL (9, -2, 0) world=(-35.50, 47.00, 0.00) sprite=Roof A3_E_0 bounds=Center: (0.00, 0.00, 0.00), Extents: (0.64, 0.42, 0.10) pivot=(64.00, 42.00) PPU=100 transform=1.00000	0.00000	0.00000	0.00000
0.00000	1.00000	0.00000	0.00000
0.00000	0.00000	1.00000	0.00000
0.00000	0.00000	0.00000	1.00000

 CELL (10, -2, 0) world=(-35.00, 47.25, 0.00) sprite=Roof A1_N_0 bounds=Center: (0.00, 0.00, 0.00), Extents: (0.64, 0.51, 0.10) pivot=(64.00, 51.00) PPU=100 transform=1.00000	0.00000	0.00000	0.00000
0.00000	1.00000	0.00000	0.00000
0.00000	0.00000	1.00000	0.00000
0.00000	0.00000	0.00000	1.00000

  PHYSICS (-0.19, 0.50);(-0.64, 0.17);(-0.64, -0.21);(-0.02, -0.50);(0.07, -0.50);(0.64, -0.19);(0.64, 0.19);(0.24, 0.50)
 CELL (-1, -1, 0) world=(-41.00, 44.75, 0.00) sprite=Roof A2_S_0 bounds=Center: (0.00, 0.00, 0.00), Extents: (0.64, 0.51, 0.10) pivot=(64.00, 51.00) PPU=100 transform=1.00000	0.00000	0.00000	0.00000
0.00000	1.00000	0.00000	0.00000
0.00000	0.00000	1.00000	0.00000
0.00000	0.00000	0.00000	1.00000

  PHYSICS (-0.64, -0.19);(-0.07, -0.50);(0.07, -0.50);(0.64, -0.37);(0.64, 0.09);(0.40, 0.50);(-0.02, 0.50);(-0.64, 0.20)
 CELL (0, -1, 0) world=(-40.50, 45.00, 0.00) sprite=Roof A1_W_0 bounds=Center: (0.00, 0.00, 0.00), Extents: (0.64, 0.51, 0.10) pivot=(64.00, 51.00) PPU=100 transform=1.00000	0.00000	0.00000	0.00000
0.00000	1.00000	0.00000	0.00000
0.00000	0.00000	1.00000	0.00000
0.00000	0.00000	0.00000	1.00000

  PHYSICS (-0.64, -0.19);(-0.07, -0.50);(0.07, -0.50);(0.64, -0.37);(0.64, 0.09);(0.40, 0.50);(-0.02, 0.50);(-0.64, 0.20)
 CELL (1, -1, 0) world=(-40.00, 45.25, 0.00) sprite=Roof A3_E_0 bounds=Center: (0.00, 0.00, 0.00), Extents: (0.64, 0.42, 0.10) pivot=(64.00, 42.00) PPU=100 transform=1.00000	0.00000	0.00000	0.00000
0.00000	1.00000	0.00000	0.00000
0.00000	0.00000	1.00000	0.00000
0.00000	0.00000	0.00000	1.00000

 CELL (2, -1, 0) world=(-39.50, 45.50, 0.00) sprite=Roof A3_E_0 bounds=Center: (0.00, 0.00, 0.00), Extents: (0.64, 0.42, 0.10) pivot=(64.00, 42.00) PPU=100 transform=1.00000	0.00000	0.00000	0.00000
0.00000	1.00000	0.00000	0.00000
0.00000	0.00000	1.00000	0.00000
0.00000	0.00000	0.00000	1.00000

 CELL (3, -1, 0) world=(-39.00, 45.75, 0.00) sprite=Roof A3_E_0 bounds=Center: (0.00, 0.00, 0.00), Extents: (0.64, 0.42, 0.10) pivot=(64.00, 42.00) PPU=100 transform=1.00000	0.00000	0.00000	0.00000
0.00000	1.00000	0.00000	0.00000
0.00000	0.00000	1.00000	0.00000
0.00000	0.00000	0.00000	1.00000

 CELL (4, -1, 0) world=(-38.50, 46.00, 0.00) sprite=Roof A3_E_0 bounds=Center: (0.00, 0.00, 0.00), Extents: (0.64, 0.42, 0.10) pivot=(64.00, 42.00) PPU=100 transform=1.00000	0.00000	0.00000	0.00000
0.00000	1.00000	0.00000	0.00000
0.00000	0.00000	1.00000	0.00000
0.00000	0.00000	0.00000	1.00000

 CELL (5, -1, 0) world=(-38.00, 46.25, 0.00) sprite=Roof A3_E_0 bounds=Center: (0.00, 0.00, 0.00), Extents: (0.64, 0.42, 0.10) pivot=(64.00, 42.00) PPU=100 transform=1.00000	0.00000	0.00000	0.00000
0.00000	1.00000	0.00000	0.00000
0.00000	0.00000	1.00000	0.00000
0.00000	0.00000	0.00000	1.00000

 CELL (6, -1, 0) world=(-37.50, 46.50, 0.00) sprite=Roof A3_E_0 bounds=Center: (0.00, 0.00, 0.00), Extents: (0.64, 0.42, 0.10) pivot=(64.00, 42.00) PPU=100 transform=1.00000	0.00000	0.00000	0.00000
0.00000	1.00000	0.00000	0.00000
0.00000	0.00000	1.00000	0.00000
0.00000	0.00000	0.00000	1.00000

 CELL (7, -1, 0) world=(-37.00, 46.75, 0.00) sprite=Roof A3_E_0 bounds=Center: (0.00, 0.00, 0.00), Extents: (0.64, 0.42, 0.10) pivot=(64.00, 42.00) PPU=100 transform=1.00000	0.00000	0.00000	0.00000
0.00000	1.00000	0.00000	0.00000
0.00000	0.00000	1.00000	0.00000
0.00000	0.00000	0.00000	1.00000

 CELL (8, -1, 0) world=(-36.50, 47.00, 0.00) sprite=Roof A3_E_0 bounds=Center: (0.00, 0.00, 0.00), Extents: (0.64, 0.42, 0.10) pivot=(64.00, 42.00) PPU=100 transform=1.00000	0.00000	0.00000	0.00000
0.00000	1.00000	0.00000	0.00000
0.00000	0.00000	1.00000	0.00000
0.00000	0.00000	0.00000	1.00000

 CELL (9, -1, 0) world=(-36.00, 47.25, 0.00) sprite=Roof A3_E_0 bounds=Center: (0.00, 0.00, 0.00), Extents: (0.64, 0.42, 0.10) pivot=(64.00, 42.00) PPU=100 transform=1.00000	0.00000	0.00000	0.00000
0.00000	1.00000	0.00000	0.00000
0.00000	0.00000	1.00000	0.00000
0.00000	0.00000	0.00000	1.00000

 CELL (10, -1, 0) world=(-35.50, 47.50, 0.00) sprite=Roof A1_N_0 bounds=Center: (0.00, 0.00, 0.00), Extents: (0.64, 0.51, 0.10) pivot=(64.00, 51.00) PPU=100 transform=1.00000	0.00000	0.00000	0.00000
0.00000	1.00000	0.00000	0.00000
0.00000	0.00000	1.00000	0.00000
0.00000	0.00000	0.00000	1.00000

 CELL (1, 0, 0) world=(-40.50, 45.50, 0.00) sprite=Roof A1_S_0 bounds=Center: (0.00, 0.00, 0.00), Extents: (0.64, 0.42, 0.10) pivot=(64.00, 42.00) PPU=100 transform=1.00000	0.00000	0.00000	0.00000
0.00000	1.00000	0.00000	0.00000
0.00000	0.00000	1.00000	0.00000
0.00000	0.00000	0.00000	1.00000

 CELL (2, 0, 0) world=(-40.00, 45.75, 0.00) sprite=Roof A3_E_0 bounds=Center: (0.00, 0.00, 0.00), Extents: (0.64, 0.42, 0.10) pivot=(64.00, 42.00) PPU=100 transform=1.00000	0.00000	0.00000	0.00000
0.00000	1.00000	0.00000	0.00000
0.00000	0.00000	1.00000	0.00000
0.00000	0.00000	0.00000	1.00000

 CELL (3, 0, 0) world=(-39.50, 46.00, 0.00) sprite=Roof A3_E_0 bounds=Center: (0.00, 0.00, 0.00), Extents: (0.64, 0.42, 0.10) pivot=(64.00, 42.00) PPU=100 transform=1.00000	0.00000	0.00000	0.00000
0.00000	1.00000	0.00000	0.00000
0.00000	0.00000	1.00000	0.00000
0.00000	0.00000	0.00000	1.00000

 CELL (4, 0, 0) world=(-39.00, 46.25, 0.00) sprite=Roof A3_E_0 bounds=Center: (0.00, 0.00, 0.00), Extents: (0.64, 0.42, 0.10) pivot=(64.00, 42.00) PPU=100 transform=1.00000	0.00000	0.00000	0.00000
0.00000	1.00000	0.00000	0.00000
0.00000	0.00000	1.00000	0.00000
0.00000	0.00000	0.00000	1.00000

 CELL (5, 0, 0) world=(-38.50, 46.50, 0.00) sprite=Roof A3_E_0 bounds=Center: (0.00, 0.00, 0.00), Extents: (0.64, 0.42, 0.10) pivot=(64.00, 42.00) PPU=100 transform=1.00000	0.00000	0.00000	0.00000
0.00000	1.00000	0.00000	0.00000
0.00000	0.00000	1.00000	0.00000
0.00000	0.00000	0.00000	1.00000

 CELL (6, 0, 0) world=(-38.00, 46.75, 0.00) sprite=Roof A3_E_0 bounds=Center: (0.00, 0.00, 0.00), Extents: (0.64, 0.42, 0.10) pivot=(64.00, 42.00) PPU=100 transform=1.00000	0.00000	0.00000	0.00000
0.00000	1.00000	0.00000	0.00000
0.00000	0.00000	1.00000	0.00000
0.00000	0.00000	0.00000	1.00000

 CELL (7, 0, 0) world=(-37.50, 47.00, 0.00) sprite=Roof A3_E_0 bounds=Center: (0.00, 0.00, 0.00), Extents: (0.64, 0.42, 0.10) pivot=(64.00, 42.00) PPU=100 transform=1.00000	0.00000	0.00000	0.00000
0.00000	1.00000	0.00000	0.00000
0.00000	0.00000	1.00000	0.00000
0.00000	0.00000	0.00000	1.00000

 CELL (8, 0, 0) world=(-37.00, 47.25, 0.00) sprite=Roof A3_E_0 bounds=Center: (0.00, 0.00, 0.00), Extents: (0.64, 0.42, 0.10) pivot=(64.00, 42.00) PPU=100 transform=1.00000	0.00000	0.00000	0.00000
0.00000	1.00000	0.00000	0.00000
0.00000	0.00000	1.00000	0.00000
0.00000	0.00000	0.00000	1.00000

 CELL (9, 0, 0) world=(-36.50, 47.50, 0.00) sprite=Roof A3_E_0 bounds=Center: (0.00, 0.00, 0.00), Extents: (0.64, 0.42, 0.10) pivot=(64.00, 42.00) PPU=100 transform=1.00000	0.00000	0.00000	0.00000
0.00000	1.00000	0.00000	0.00000
0.00000	0.00000	1.00000	0.00000
0.00000	0.00000	0.00000	1.00000

 CELL (10, 0, 0) world=(-36.00, 47.75, 0.00) sprite=Roof A1_N_0 bounds=Center: (0.00, 0.00, 0.00), Extents: (0.64, 0.51, 0.10) pivot=(64.00, 51.00) PPU=100 transform=1.00000	0.00000	0.00000	0.00000
0.00000	1.00000	0.00000	0.00000
0.00000	0.00000	1.00000	0.00000
0.00000	0.00000	0.00000	1.00000

 CELL (1, 1, 0) world=(-41.00, 45.75, 0.00) sprite=Roof A1_S_0 bounds=Center: (0.00, 0.00, 0.00), Extents: (0.64, 0.42, 0.10) pivot=(64.00, 42.00) PPU=100 transform=1.00000	0.00000	0.00000	0.00000
0.00000	1.00000	0.00000	0.00000
0.00000	0.00000	1.00000	0.00000
0.00000	0.00000	0.00000	1.00000

 CELL (2, 1, 0) world=(-40.50, 46.00, 0.00) sprite=Roof A3_E_0 bounds=Center: (0.00, 0.00, 0.00), Extents: (0.64, 0.42, 0.10) pivot=(64.00, 42.00) PPU=100 transform=1.00000	0.00000	0.00000	0.00000
0.00000	1.00000	0.00000	0.00000
0.00000	0.00000	1.00000	0.00000
0.00000	0.00000	0.00000	1.00000

 CELL (3, 1, 0) world=(-40.00, 46.25, 0.00) sprite=Roof A3_E_0 bounds=Center: (0.00, 0.00, 0.00), Extents: (0.64, 0.42, 0.10) pivot=(64.00, 42.00) PPU=100 transform=1.00000	0.00000	0.00000	0.00000
0.00000	1.00000	0.00000	0.00000
0.00000	0.00000	1.00000	0.00000
0.00000	0.00000	0.00000	1.00000

 CELL (4, 1, 0) world=(-39.50, 46.50, 0.00) sprite=Roof A3_E_0 bounds=Center: (0.00, 0.00, 0.00), Extents: (0.64, 0.42, 0.10) pivot=(64.00, 42.00) PPU=100 transform=1.00000	0.00000	0.00000	0.00000
0.00000	1.00000	0.00000	0.00000
0.00000	0.00000	1.00000	0.00000
0.00000	0.00000	0.00000	1.00000

 CELL (5, 1, 0) world=(-39.00, 46.75, 0.00) sprite=Roof A3_E_0 bounds=Center: (0.00, 0.00, 0.00), Extents: (0.64, 0.42, 0.10) pivot=(64.00, 42.00) PPU=100 transform=1.00000	0.00000	0.00000	0.00000
0.00000	1.00000	0.00000	0.00000
0.00000	0.00000	1.00000	0.00000
0.00000	0.00000	0.00000	1.00000

 CELL (6, 1, 0) world=(-38.50, 47.00, 0.00) sprite=Roof A3_E_0 bounds=Center: (0.00, 0.00, 0.00), Extents: (0.64, 0.42, 0.10) pivot=(64.00, 42.00) PPU=100 transform=1.00000	0.00000	0.00000	0.00000
0.00000	1.00000	0.00000	0.00000
0.00000	0.00000	1.00000	0.00000
0.00000	0.00000	0.00000	1.00000

 CELL (7, 1, 0) world=(-38.00, 47.25, 0.00) sprite=Roof A3_E_0 bounds=Center: (0.00, 0.00, 0.00), Extents: (0.64, 0.42, 0.10) pivot=(64.00, 42.00) PPU=100 transform=1.00000	0.00000	0.00000	0.00000
0.00000	1.00000	0.00000	0.00000
0.00000	0.00000	1.00000	0.00000
0.00000	0.00000	0.00000	1.00000

 CELL (8, 1, 0) world=(-37.50, 47.50, 0.00) sprite=Roof A3_E_0 bounds=Center: (0.00, 0.00, 0.00), Extents: (0.64, 0.42, 0.10) pivot=(64.00, 42.00) PPU=100 transform=1.00000	0.00000	0.00000	0.00000
0.00000	1.00000	0.00000	0.00000
0.00000	0.00000	1.00000	0.00000
0.00000	0.00000	0.00000	1.00000

 CELL (9, 1, 0) world=(-37.00, 47.75, 0.00) sprite=Roof A3_E_0 bounds=Center: (0.00, 0.00, 0.00), Extents: (0.64, 0.42, 0.10) pivot=(64.00, 42.00) PPU=100 transform=1.00000	0.00000	0.00000	0.00000
0.00000	1.00000	0.00000	0.00000
0.00000	0.00000	1.00000	0.00000
0.00000	0.00000	0.00000	1.00000

 CELL (10, 1, 0) world=(-36.50, 48.00, 0.00) sprite=Roof A1_N_0 bounds=Center: (0.00, 0.00, 0.00), Extents: (0.64, 0.51, 0.10) pivot=(64.00, 51.00) PPU=100 transform=1.00000	0.00000	0.00000	0.00000
0.00000	1.00000	0.00000	0.00000
0.00000	0.00000	1.00000	0.00000
0.00000	0.00000	0.00000	1.00000

 CELL (1, 2, 0) world=(-41.50, 46.00, 0.00) sprite=Roof A2_S_0 bounds=Center: (0.00, 0.00, 0.00), Extents: (0.64, 0.51, 0.10) pivot=(64.00, 51.00) PPU=100 transform=1.00000	0.00000	0.00000	0.00000
0.00000	1.00000	0.00000	0.00000
0.00000	0.00000	1.00000	0.00000
0.00000	0.00000	0.00000	1.00000

 CELL (2, 2, 0) world=(-41.00, 46.25, 0.00) sprite=Roof A1_W_0 bounds=Center: (0.00, 0.00, 0.00), Extents: (0.64, 0.51, 0.10) pivot=(64.00, 51.00) PPU=100 transform=1.00000	0.00000	0.00000	0.00000
0.00000	1.00000	0.00000	0.00000
0.00000	0.00000	1.00000	0.00000
0.00000	0.00000	0.00000	1.00000

 CELL (3, 2, 0) world=(-40.50, 46.50, 0.00) sprite=Roof A1_W_0 bounds=Center: (0.00, 0.00, 0.00), Extents: (0.64, 0.51, 0.10) pivot=(64.00, 51.00) PPU=100 transform=1.00000	0.00000	0.00000	0.00000
0.00000	1.00000	0.00000	0.00000
0.00000	0.00000	1.00000	0.00000
0.00000	0.00000	0.00000	1.00000

 CELL (4, 2, 0) world=(-40.00, 46.75, 0.00) sprite=Roof A1_W_0 bounds=Center: (0.00, 0.00, 0.00), Extents: (0.64, 0.51, 0.10) pivot=(64.00, 51.00) PPU=100 transform=1.00000	0.00000	0.00000	0.00000
0.00000	1.00000	0.00000	0.00000
0.00000	0.00000	1.00000	0.00000
0.00000	0.00000	0.00000	1.00000

 CELL (5, 2, 0) world=(-39.50, 47.00, 0.00) sprite=Roof A1_W_0 bounds=Center: (0.00, 0.00, 0.00), Extents: (0.64, 0.51, 0.10) pivot=(64.00, 51.00) PPU=100 transform=1.00000	0.00000	0.00000	0.00000
0.00000	1.00000	0.00000	0.00000
0.00000	0.00000	1.00000	0.00000
0.00000	0.00000	0.00000	1.00000

 CELL (6, 2, 0) world=(-39.00, 47.25, 0.00) sprite=Roof A1_W_0 bounds=Center: (0.00, 0.00, 0.00), Extents: (0.64, 0.51, 0.10) pivot=(64.00, 51.00) PPU=100 transform=1.00000	0.00000	0.00000	0.00000
0.00000	1.00000	0.00000	0.00000
0.00000	0.00000	1.00000	0.00000
0.00000	0.00000	0.00000	1.00000

 CELL (7, 2, 0) world=(-38.50, 47.50, 0.00) sprite=Roof A1_W_0 bounds=Center: (0.00, 0.00, 0.00), Extents: (0.64, 0.51, 0.10) pivot=(64.00, 51.00) PPU=100 transform=1.00000	0.00000	0.00000	0.00000
0.00000	1.00000	0.00000	0.00000
0.00000	0.00000	1.00000	0.00000
0.00000	0.00000	0.00000	1.00000

 CELL (8, 2, 0) world=(-38.00, 47.75, 0.00) sprite=Roof A1_W_0 bounds=Center: (0.00, 0.00, 0.00), Extents: (0.64, 0.51, 0.10) pivot=(64.00, 51.00) PPU=100 transform=1.00000	0.00000	0.00000	0.00000
0.00000	1.00000	0.00000	0.00000
0.00000	0.00000	1.00000	0.00000
0.00000	0.00000	0.00000	1.00000

 CELL (9, 2, 0) world=(-37.50, 48.00, 0.00) sprite=Roof A1_W_0 bounds=Center: (0.00, 0.00, 0.00), Extents: (0.64, 0.51, 0.10) pivot=(64.00, 51.00) PPU=100 transform=1.00000	0.00000	0.00000	0.00000
0.00000	1.00000	0.00000	0.00000
0.00000	0.00000	1.00000	0.00000
0.00000	0.00000	0.00000	1.00000

 CELL (10, 2, 0) world=(-37.00, 48.25, 0.00) sprite=Roof A2_W_0 bounds=Center: (0.00, 0.00, 0.00), Extents: (0.64, 0.51, 0.10) pivot=(64.00, 51.00) PPU=100 transform=1.00000	0.00000	0.00000	0.00000
0.00000	1.00000	0.00000	0.00000
0.00000	0.00000	1.00000	0.00000
0.00000	0.00000	0.00000	1.00000

  PHYSICS (-0.02, 0.50);(-0.64, 0.21);(-0.64, -0.21);(-0.02, -0.50);(0.07, -0.50);(0.64, -0.19);(0.64, 0.19);(0.07, 0.50)
MAP ==========Map========== /Map/nhachinhxaydautien (12)/nennha matrix=1.00000	0.00000	0.00000	-41.00000
0.00000	1.00000	0.00000	45.00000
0.00000	0.00000	1.00000	0.00000
0.00000	0.00000	0.00000	1.00000
 mode=Individual sort=Default/0
 CELL (-2, -5, 0) world=(-39.50, 43.50, 0.00) sprite=Ground A5_W bounds=Center: (0.00, 0.64, 0.00), Extents: (0.50, 1.00, 0.10) pivot=(64.00, 46.08) PPU=128 transform=1.00000	0.00000	0.00000	0.00000
0.00000	1.00000	0.00000	0.00000
0.00000	0.00000	1.00000	0.00000
0.00000	0.00000	0.00000	1.00000

  PHYSICS (-0.02, 0.28);(-0.50, 0.05);(-0.50, -0.16);(-0.05, -0.36);(0.09, -0.36);(0.50, -0.13);(0.50, 0.04);(0.04, 0.28)
 CELL (-1, -5, 0) world=(-39.00, 43.75, 0.00) sprite=Ground A5_W bounds=Center: (0.00, 0.64, 0.00), Extents: (0.50, 1.00, 0.10) pivot=(64.00, 46.08) PPU=128 transform=1.00000	0.00000	0.00000	0.00000
0.00000	1.00000	0.00000	0.00000
0.00000	0.00000	1.00000	0.00000
0.00000	0.00000	0.00000	1.00000

 CELL (0, -5, 0) world=(-38.50, 44.00, 0.00) sprite=Ground A5_W bounds=Center: (0.00, 0.64, 0.00), Extents: (0.50, 1.00, 0.10) pivot=(64.00, 46.08) PPU=128 transform=1.00000	0.00000	0.00000	0.00000
0.00000	1.00000	0.00000	0.00000
0.00000	0.00000	1.00000	0.00000
0.00000	0.00000	0.00000	1.00000

 CELL (1, -5, 0) world=(-38.00, 44.25, 0.00) sprite=Ground A5_W bounds=Center: (0.00, 0.64, 0.00), Extents: (0.50, 1.00, 0.10) pivot=(64.00, 46.08) PPU=128 transform=1.00000	0.00000	0.00000	0.00000
0.00000	1.00000	0.00000	0.00000
0.00000	0.00000	1.00000	0.00000
0.00000	0.00000	0.00000	1.00000

 CELL (2, -5, 0) world=(-37.50, 44.50, 0.00) sprite=Ground A5_W bounds=Center: (0.00, 0.64, 0.00), Extents: (0.50, 1.00, 0.10) pivot=(64.00, 46.08) PPU=128 transform=1.00000	0.00000	0.00000	0.00000
0.00000	1.00000	0.00000	0.00000
0.00000	0.00000	1.00000	0.00000
0.00000	0.00000	0.00000	1.00000

 CELL (3, -5, 0) world=(-37.00, 44.75, 0.00) sprite=Ground A5_W bounds=Center: (0.00, 0.64, 0.00), Extents: (0.50, 1.00, 0.10) pivot=(64.00, 46.08) PPU=128 transform=1.00000	0.00000	0.00000	0.00000
0.00000	1.00000	0.00000	0.00000
0.00000	0.00000	1.00000	0.00000
0.00000	0.00000	0.00000	1.00000

 CELL (4, -5, 0) world=(-36.50, 45.00, 0.00) sprite=Ground A5_W bounds=Center: (0.00, 0.64, 0.00), Extents: (0.50, 1.00, 0.10) pivot=(64.00, 46.08) PPU=128 transform=1.00000	0.00000	0.00000	0.00000
0.00000	1.00000	0.00000	0.00000
0.00000	0.00000	1.00000	0.00000
0.00000	0.00000	0.00000	1.00000

 CELL (5, -5, 0) world=(-36.00, 45.25, 0.00) sprite=Ground A5_W bounds=Center: (0.00, 0.64, 0.00), Extents: (0.50, 1.00, 0.10) pivot=(64.00, 46.08) PPU=128 transform=1.00000	0.00000	0.00000	0.00000
0.00000	1.00000	0.00000	0.00000
0.00000	0.00000	1.00000	0.00000
0.00000	0.00000	0.00000	1.00000

 CELL (6, -5, 0) world=(-35.50, 45.50, 0.00) sprite=Ground A5_W bounds=Center: (0.00, 0.64, 0.00), Extents: (0.50, 1.00, 0.10) pivot=(64.00, 46.08) PPU=128 transform=1.00000	0.00000	0.00000	0.00000
0.00000	1.00000	0.00000	0.00000
0.00000	0.00000	1.00000	0.00000
0.00000	0.00000	0.00000	1.00000

 CELL (7, -5, 0) world=(-35.00, 45.75, 0.00) sprite=Ground A5_W bounds=Center: (0.00, 0.64, 0.00), Extents: (0.50, 1.00, 0.10) pivot=(64.00, 46.08) PPU=128 transform=1.00000	0.00000	0.00000	0.00000
0.00000	1.00000	0.00000	0.00000
0.00000	0.00000	1.00000	0.00000
0.00000	0.00000	0.00000	1.00000

 CELL (8, -5, 0) world=(-34.50, 46.00, 0.00) sprite=Ground A5_W bounds=Center: (0.00, 0.64, 0.00), Extents: (0.50, 1.00, 0.10) pivot=(64.00, 46.08) PPU=128 transform=1.00000	0.00000	0.00000	0.00000
0.00000	1.00000	0.00000	0.00000
0.00000	0.00000	1.00000	0.00000
0.00000	0.00000	0.00000	1.00000

 CELL (-2, -4, 0) world=(-40.00, 43.75, 0.00) sprite=Ground A5_W bounds=Center: (0.00, 0.64, 0.00), Extents: (0.50, 1.00, 0.10) pivot=(64.00, 46.08) PPU=128 transform=1.00000	0.00000	0.00000	0.00000
0.00000	1.00000	0.00000	0.00000
0.00000	0.00000	1.00000	0.00000
0.00000	0.00000	0.00000	1.00000

 CELL (-1, -4, 0) world=(-39.50, 44.00, 0.00) sprite=Ground A5_W bounds=Center: (0.00, 0.64, 0.00), Extents: (0.50, 1.00, 0.10) pivot=(64.00, 46.08) PPU=128 transform=1.00000	0.00000	0.00000	0.00000
0.00000	1.00000	0.00000	0.00000
0.00000	0.00000	1.00000	0.00000
0.00000	0.00000	0.00000	1.00000

 CELL (0, -4, 0) world=(-39.00, 44.25, 0.00) sprite=Ground A5_W bounds=Center: (0.00, 0.64, 0.00), Extents: (0.50, 1.00, 0.10) pivot=(64.00, 46.08) PPU=128 transform=1.00000	0.00000	0.00000	0.00000
0.00000	1.00000	0.00000	0.00000
0.00000	0.00000	1.00000	0.00000
0.00000	0.00000	0.00000	1.00000

 CELL (1, -4, 0) world=(-38.50, 44.50, 0.00) sprite=Ground A5_W bounds=Center: (0.00, 0.64, 0.00), Extents: (0.50, 1.00, 0.10) pivot=(64.00, 46.08) PPU=128 transform=1.00000	0.00000	0.00000	0.00000
0.00000	1.00000	0.00000	0.00000
0.00000	0.00000	1.00000	0.00000
0.00000	0.00000	0.00000	1.00000

 CELL (2, -4, 0) world=(-38.00, 44.75, 0.00) sprite=Ground A5_W bounds=Center: (0.00, 0.64, 0.00), Extents: (0.50, 1.00, 0.10) pivot=(64.00, 46.08) PPU=128 transform=1.00000	0.00000	0.00000	0.00000
0.00000	1.00000	0.00000	0.00000
0.00000	0.00000	1.00000	0.00000
0.00000	0.00000	0.00000	1.00000

 CELL (3, -4, 0) world=(-37.50, 45.00, 0.00) sprite=Ground A5_W bounds=Center: (0.00, 0.64, 0.00), Extents: (0.50, 1.00, 0.10) pivot=(64.00, 46.08) PPU=128 transform=1.00000	0.00000	0.00000	0.00000
0.00000	1.00000	0.00000	0.00000
0.00000	0.00000	1.00000	0.00000
0.00000	0.00000	0.00000	1.00000

 CELL (4, -4, 0) world=(-37.00, 45.25, 0.00) sprite=Ground A5_W bounds=Center: (0.00, 0.64, 0.00), Extents: (0.50, 1.00, 0.10) pivot=(64.00, 46.08) PPU=128 transform=1.00000	0.00000	0.00000	0.00000
0.00000	1.00000	0.00000	0.00000
0.00000	0.00000	1.00000	0.00000
0.00000	0.00000	0.00000	1.00000

 CELL (5, -4, 0) world=(-36.50, 45.50, 0.00) sprite=Ground A5_W bounds=Center: (0.00, 0.64, 0.00), Extents: (0.50, 1.00, 0.10) pivot=(64.00, 46.08) PPU=128 transform=1.00000	0.00000	0.00000	0.00000
0.00000	1.00000	0.00000	0.00000
0.00000	0.00000	1.00000	0.00000
0.00000	0.00000	0.00000	1.00000

 CELL (6, -4, 0) world=(-36.00, 45.75, 0.00) sprite=Ground A5_W bounds=Center: (0.00, 0.64, 0.00), Extents: (0.50, 1.00, 0.10) pivot=(64.00, 46.08) PPU=128 transform=1.00000	0.00000	0.00000	0.00000
0.00000	1.00000	0.00000	0.00000
0.00000	0.00000	1.00000	0.00000
0.00000	0.00000	0.00000	1.00000

 CELL (7, -4, 0) world=(-35.50, 46.00, 0.00) sprite=Ground A5_W bounds=Center: (0.00, 0.64, 0.00), Extents: (0.50, 1.00, 0.10) pivot=(64.00, 46.08) PPU=128 transform=1.00000	0.00000	0.00000	0.00000
0.00000	1.00000	0.00000	0.00000
0.00000	0.00000	1.00000	0.00000
0.00000	0.00000	0.00000	1.00000

 CELL (8, -4, 0) world=(-35.00, 46.25, 0.00) sprite=Ground A5_W bounds=Center: (0.00, 0.64, 0.00), Extents: (0.50, 1.00, 0.10) pivot=(64.00, 46.08) PPU=128 transform=1.00000	0.00000	0.00000	0.00000
0.00000	1.00000	0.00000	0.00000
0.00000	0.00000	1.00000	0.00000
0.00000	0.00000	0.00000	1.00000

 CELL (-2, -3, 0) world=(-40.50, 44.00, 0.00) sprite=Ground A5_W bounds=Center: (0.00, 0.64, 0.00), Extents: (0.50, 1.00, 0.10) pivot=(64.00, 46.08) PPU=128 transform=1.00000	0.00000	0.00000	0.00000
0.00000	1.00000	0.00000	0.00000
0.00000	0.00000	1.00000	0.00000
0.00000	0.00000	0.00000	1.00000

 CELL (-1, -3, 0) world=(-40.00, 44.25, 0.00) sprite=Ground A5_W bounds=Center: (0.00, 0.64, 0.00), Extents: (0.50, 1.00, 0.10) pivot=(64.00, 46.08) PPU=128 transform=1.00000	0.00000	0.00000	0.00000
0.00000	1.00000	0.00000	0.00000
0.00000	0.00000	1.00000	0.00000
0.00000	0.00000	0.00000	1.00000

 CELL (0, -3, 0) world=(-39.50, 44.50, 0.00) sprite=Ground A5_W bounds=Center: (0.00, 0.64, 0.00), Extents: (0.50, 1.00, 0.10) pivot=(64.00, 46.08) PPU=128 transform=1.00000	0.00000	0.00000	0.00000
0.00000	1.00000	0.00000	0.00000
0.00000	0.00000	1.00000	0.00000
0.00000	0.00000	0.00000	1.00000

 CELL (1, -3, 0) world=(-39.00, 44.75, 0.00) sprite=Ground A5_W bounds=Center: (0.00, 0.64, 0.00), Extents: (0.50, 1.00, 0.10) pivot=(64.00, 46.08) PPU=128 transform=1.00000	0.00000	0.00000	0.00000
0.00000	1.00000	0.00000	0.00000
0.00000	0.00000	1.00000	0.00000
0.00000	0.00000	0.00000	1.00000

 CELL (2, -3, 0) world=(-38.50, 45.00, 0.00) sprite=Ground A5_W bounds=Center: (0.00, 0.64, 0.00), Extents: (0.50, 1.00, 0.10) pivot=(64.00, 46.08) PPU=128 transform=1.00000	0.00000	0.00000	0.00000
0.00000	1.00000	0.00000	0.00000
0.00000	0.00000	1.00000	0.00000
0.00000	0.00000	0.00000	1.00000

 CELL (3, -3, 0) world=(-38.00, 45.25, 0.00) sprite=Ground A5_W bounds=Center: (0.00, 0.64, 0.00), Extents: (0.50, 1.00, 0.10) pivot=(64.00, 46.08) PPU=128 transform=1.00000	0.00000	0.00000	0.00000
0.00000	1.00000	0.00000	0.00000
0.00000	0.00000	1.00000	0.00000
0.00000	0.00000	0.00000	1.00000

 CELL (4, -3, 0) world=(-37.50, 45.50, 0.00) sprite=Ground A5_W bounds=Center: (0.00, 0.64, 0.00), Extents: (0.50, 1.00, 0.10) pivot=(64.00, 46.08) PPU=128 transform=1.00000	0.00000	0.00000	0.00000
0.00000	1.00000	0.00000	0.00000
0.00000	0.00000	1.00000	0.00000
0.00000	0.00000	0.00000	1.00000

 CELL (5, -3, 0) world=(-37.00, 45.75, 0.00) sprite=Ground A5_W bounds=Center: (0.00, 0.64, 0.00), Extents: (0.50, 1.00, 0.10) pivot=(64.00, 46.08) PPU=128 transform=1.00000	0.00000	0.00000	0.00000
0.00000	1.00000	0.00000	0.00000
0.00000	0.00000	1.00000	0.00000
0.00000	0.00000	0.00000	1.00000

 CELL (6, -3, 0) world=(-36.50, 46.00, 0.00) sprite=Ground A5_W bounds=Center: (0.00, 0.64, 0.00), Extents: (0.50, 1.00, 0.10) pivot=(64.00, 46.08) PPU=128 transform=1.00000	0.00000	0.00000	0.00000
0.00000	1.00000	0.00000	0.00000
0.00000	0.00000	1.00000	0.00000
0.00000	0.00000	0.00000	1.00000

 CELL (7, -3, 0) world=(-36.00, 46.25, 0.00) sprite=Ground A5_W bounds=Center: (0.00, 0.64, 0.00), Extents: (0.50, 1.00, 0.10) pivot=(64.00, 46.08) PPU=128 transform=1.00000	0.00000	0.00000	0.00000
0.00000	1.00000	0.00000	0.00000
0.00000	0.00000	1.00000	0.00000
0.00000	0.00000	0.00000	1.00000

 CELL (8, -3, 0) world=(-35.50, 46.50, 0.00) sprite=Ground A5_W bounds=Center: (0.00, 0.64, 0.00), Extents: (0.50, 1.00, 0.10) pivot=(64.00, 46.08) PPU=128 transform=1.00000	0.00000	0.00000	0.00000
0.00000	1.00000	0.00000	0.00000
0.00000	0.00000	1.00000	0.00000
0.00000	0.00000	0.00000	1.00000

 CELL (-1, -2, 0) world=(-40.50, 44.50, 0.00) sprite=Ground A5_W bounds=Center: (0.00, 0.64, 0.00), Extents: (0.50, 1.00, 0.10) pivot=(64.00, 46.08) PPU=128 transform=1.00000	0.00000	0.00000	0.00000
0.00000	1.00000	0.00000	0.00000
0.00000	0.00000	1.00000	0.00000
0.00000	0.00000	0.00000	1.00000

 CELL (0, -2, 0) world=(-40.00, 44.75, 0.00) sprite=Ground A5_W bounds=Center: (0.00, 0.64, 0.00), Extents: (0.50, 1.00, 0.10) pivot=(64.00, 46.08) PPU=128 transform=1.00000	0.00000	0.00000	0.00000
0.00000	1.00000	0.00000	0.00000
0.00000	0.00000	1.00000	0.00000
0.00000	0.00000	0.00000	1.00000

 CELL (1, -2, 0) world=(-39.50, 45.00, 0.00) sprite=Ground A5_W bounds=Center: (0.00, 0.64, 0.00), Extents: (0.50, 1.00, 0.10) pivot=(64.00, 46.08) PPU=128 transform=1.00000	0.00000	0.00000	0.00000
0.00000	1.00000	0.00000	0.00000
0.00000	0.00000	1.00000	0.00000
0.00000	0.00000	0.00000	1.00000

 CELL (2, -2, 0) world=(-39.00, 45.25, 0.00) sprite=Ground A5_W bounds=Center: (0.00, 0.64, 0.00), Extents: (0.50, 1.00, 0.10) pivot=(64.00, 46.08) PPU=128 transform=1.00000	0.00000	0.00000	0.00000
0.00000	1.00000	0.00000	0.00000
0.00000	0.00000	1.00000	0.00000
0.00000	0.00000	0.00000	1.00000

 CELL (3, -2, 0) world=(-38.50, 45.50, 0.00) sprite=Ground A5_W bounds=Center: (0.00, 0.64, 0.00), Extents: (0.50, 1.00, 0.10) pivot=(64.00, 46.08) PPU=128 transform=1.00000	0.00000	0.00000	0.00000
0.00000	1.00000	0.00000	0.00000
0.00000	0.00000	1.00000	0.00000
0.00000	0.00000	0.00000	1.00000

 CELL (4, -2, 0) world=(-38.00, 45.75, 0.00) sprite=Ground A5_W bounds=Center: (0.00, 0.64, 0.00), Extents: (0.50, 1.00, 0.10) pivot=(64.00, 46.08) PPU=128 transform=1.00000	0.00000	0.00000	0.00000
0.00000	1.00000	0.00000	0.00000
0.00000	0.00000	1.00000	0.00000
0.00000	0.00000	0.00000	1.00000

 CELL (5, -2, 0) world=(-37.50, 46.00, 0.00) sprite=Ground A5_W bounds=Center: (0.00, 0.64, 0.00), Extents: (0.50, 1.00, 0.10) pivot=(64.00, 46.08) PPU=128 transform=1.00000	0.00000	0.00000	0.00000
0.00000	1.00000	0.00000	0.00000
0.00000	0.00000	1.00000	0.00000
0.00000	0.00000	0.00000	1.00000

 CELL (6, -2, 0) world=(-37.00, 46.25, 0.00) sprite=Ground A6_N bounds=Center: (0.00, 0.64, 0.00), Extents: (0.50, 1.00, 0.10) pivot=(64.00, 46.08) PPU=128 transform=1.00000	0.00000	0.00000	0.00000
0.00000	1.00000	0.00000	0.00000
0.00000	0.00000	1.00000	0.00000
0.00000	0.00000	0.00000	1.00000

  PHYSICS (-0.02, 0.28);(-0.50, 0.05);(-0.50, -0.16);(-0.05, -0.36);(0.09, -0.36);(0.50, -0.13);(0.50, 0.04);(0.04, 0.28)
 CELL (7, -2, 0) world=(-36.50, 46.50, 0.00) sprite=Ground A6_N bounds=Center: (0.00, 0.64, 0.00), Extents: (0.50, 1.00, 0.10) pivot=(64.00, 46.08) PPU=128 transform=1.00000	0.00000	0.00000	0.00000
0.00000	1.00000	0.00000	0.00000
0.00000	0.00000	1.00000	0.00000
0.00000	0.00000	0.00000	1.00000

 CELL (8, -2, 0) world=(-36.00, 46.75, 0.00) sprite=Ground A6_N bounds=Center: (0.00, 0.64, 0.00), Extents: (0.50, 1.00, 0.10) pivot=(64.00, 46.08) PPU=128 transform=1.00000	0.00000	0.00000	0.00000
0.00000	1.00000	0.00000	0.00000
0.00000	0.00000	1.00000	0.00000
0.00000	0.00000	0.00000	1.00000

 CELL (-1, -1, 0) world=(-41.00, 44.75, 0.00) sprite=Ground A5_W bounds=Center: (0.00, 0.64, 0.00), Extents: (0.50, 1.00, 0.10) pivot=(64.00, 46.08) PPU=128 transform=1.00000	0.00000	0.00000	0.00000
0.00000	1.00000	0.00000	0.00000
0.00000	0.00000	1.00000	0.00000
0.00000	0.00000	0.00000	1.00000

 CELL (0, -1, 0) world=(-40.50, 45.00, 0.00) sprite=Ground A5_W bounds=Center: (0.00, 0.64, 0.00), Extents: (0.50, 1.00, 0.10) pivot=(64.00, 46.08) PPU=128 transform=1.00000	0.00000	0.00000	0.00000
0.00000	1.00000	0.00000	0.00000
0.00000	0.00000	1.00000	0.00000
0.00000	0.00000	0.00000	1.00000

 CELL (1, -1, 0) world=(-40.00, 45.25, 0.00) sprite=Ground A5_W bounds=Center: (0.00, 0.64, 0.00), Extents: (0.50, 1.00, 0.10) pivot=(64.00, 46.08) PPU=128 transform=1.00000	0.00000	0.00000	0.00000
0.00000	1.00000	0.00000	0.00000
0.00000	0.00000	1.00000	0.00000
0.00000	0.00000	0.00000	1.00000

 CELL (2, -1, 0) world=(-39.50, 45.50, 0.00) sprite=Ground A5_W bounds=Center: (0.00, 0.64, 0.00), Extents: (0.50, 1.00, 0.10) pivot=(64.00, 46.08) PPU=128 transform=1.00000	0.00000	0.00000	0.00000
0.00000	1.00000	0.00000	0.00000
0.00000	0.00000	1.00000	0.00000
0.00000	0.00000	0.00000	1.00000

 CELL (3, -1, 0) world=(-39.00, 45.75, 0.00) sprite=Ground A5_W bounds=Center: (0.00, 0.64, 0.00), Extents: (0.50, 1.00, 0.10) pivot=(64.00, 46.08) PPU=128 transform=1.00000	0.00000	0.00000	0.00000
0.00000	1.00000	0.00000	0.00000
0.00000	0.00000	1.00000	0.00000
0.00000	0.00000	0.00000	1.00000

 CELL (4, -1, 0) world=(-38.50, 46.00, 0.00) sprite=Ground A5_W bounds=Center: (0.00, 0.64, 0.00), Extents: (0.50, 1.00, 0.10) pivot=(64.00, 46.08) PPU=128 transform=1.00000	0.00000	0.00000	0.00000
0.00000	1.00000	0.00000	0.00000
0.00000	0.00000	1.00000	0.00000
0.00000	0.00000	0.00000	1.00000

 CELL (5, -1, 0) world=(-38.00, 46.25, 0.00) sprite=Ground A5_W bounds=Center: (0.00, 0.64, 0.00), Extents: (0.50, 1.00, 0.10) pivot=(64.00, 46.08) PPU=128 transform=1.00000	0.00000	0.00000	0.00000
0.00000	1.00000	0.00000	0.00000
0.00000	0.00000	1.00000	0.00000
0.00000	0.00000	0.00000	1.00000

 CELL (6, -1, 0) world=(-37.50, 46.50, 0.00) sprite=Ground A6_N bounds=Center: (0.00, 0.64, 0.00), Extents: (0.50, 1.00, 0.10) pivot=(64.00, 46.08) PPU=128 transform=1.00000	0.00000	0.00000	0.00000
0.00000	1.00000	0.00000	0.00000
0.00000	0.00000	1.00000	0.00000
0.00000	0.00000	0.00000	1.00000

 CELL (7, -1, 0) world=(-37.00, 46.75, 0.00) sprite=Ground A6_N bounds=Center: (0.00, 0.64, 0.00), Extents: (0.50, 1.00, 0.10) pivot=(64.00, 46.08) PPU=128 transform=1.00000	0.00000	0.00000	0.00000
0.00000	1.00000	0.00000	0.00000
0.00000	0.00000	1.00000	0.00000
0.00000	0.00000	0.00000	1.00000

 CELL (8, -1, 0) world=(-36.50, 47.00, 0.00) sprite=Ground A6_N bounds=Center: (0.00, 0.64, 0.00), Extents: (0.50, 1.00, 0.10) pivot=(64.00, 46.08) PPU=128 transform=1.00000	0.00000	0.00000	0.00000
0.00000	1.00000	0.00000	0.00000
0.00000	0.00000	1.00000	0.00000
0.00000	0.00000	0.00000	1.00000

 CELL (-1, 0, 0) world=(-41.50, 45.00, 0.00) sprite=Ground A5_W bounds=Center: (0.00, 0.64, 0.00), Extents: (0.50, 1.00, 0.10) pivot=(64.00, 46.08) PPU=128 transform=1.00000	0.00000	0.00000	0.00000
0.00000	1.00000	0.00000	0.00000
0.00000	0.00000	1.00000	0.00000
0.00000	0.00000	0.00000	1.00000

 CELL (0, 0, 0) world=(-41.00, 45.25, 0.00) sprite=Ground A5_W bounds=Center: (0.00, 0.64, 0.00), Extents: (0.50, 1.00, 0.10) pivot=(64.00, 46.08) PPU=128 transform=1.00000	0.00000	0.00000	0.00000
0.00000	1.00000	0.00000	0.00000
0.00000	0.00000	1.00000	0.00000
0.00000	0.00000	0.00000	1.00000

 CELL (1, 0, 0) world=(-40.50, 45.50, 0.00) sprite=Ground A5_W bounds=Center: (0.00, 0.64, 0.00), Extents: (0.50, 1.00, 0.10) pivot=(64.00, 46.08) PPU=128 transform=1.00000	0.00000	0.00000	0.00000
0.00000	1.00000	0.00000	0.00000
0.00000	0.00000	1.00000	0.00000
0.00000	0.00000	0.00000	1.00000

 CELL (2, 0, 0) world=(-40.00, 45.75, 0.00) sprite=Ground A5_W bounds=Center: (0.00, 0.64, 0.00), Extents: (0.50, 1.00, 0.10) pivot=(64.00, 46.08) PPU=128 transform=1.00000	0.00000	0.00000	0.00000
0.00000	1.00000	0.00000	0.00000
0.00000	0.00000	1.00000	0.00000
0.00000	0.00000	0.00000	1.00000

 CELL (3, 0, 0) world=(-39.50, 46.00, 0.00) sprite=Ground A5_W bounds=Center: (0.00, 0.64, 0.00), Extents: (0.50, 1.00, 0.10) pivot=(64.00, 46.08) PPU=128 transform=1.00000	0.00000	0.00000	0.00000
0.00000	1.00000	0.00000	0.00000
0.00000	0.00000	1.00000	0.00000
0.00000	0.00000	0.00000	1.00000

 CELL (4, 0, 0) world=(-39.00, 46.25, 0.00) sprite=Ground A5_W bounds=Center: (0.00, 0.64, 0.00), Extents: (0.50, 1.00, 0.10) pivot=(64.00, 46.08) PPU=128 transform=1.00000	0.00000	0.00000	0.00000
0.00000	1.00000	0.00000	0.00000
0.00000	0.00000	1.00000	0.00000
0.00000	0.00000	0.00000	1.00000

 CELL (5, 0, 0) world=(-38.50, 46.50, 0.00) sprite=Ground A5_W bounds=Center: (0.00, 0.64, 0.00), Extents: (0.50, 1.00, 0.10) pivot=(64.00, 46.08) PPU=128 transform=1.00000	0.00000	0.00000	0.00000
0.00000	1.00000	0.00000	0.00000
0.00000	0.00000	1.00000	0.00000
0.00000	0.00000	0.00000	1.00000

 CELL (6, 0, 0) world=(-38.00, 46.75, 0.00) sprite=Ground A6_N bounds=Center: (0.00, 0.64, 0.00), Extents: (0.50, 1.00, 0.10) pivot=(64.00, 46.08) PPU=128 transform=1.00000	0.00000	0.00000	0.00000
0.00000	1.00000	0.00000	0.00000
0.00000	0.00000	1.00000	0.00000
0.00000	0.00000	0.00000	1.00000

 CELL (7, 0, 0) world=(-37.50, 47.00, 0.00) sprite=Ground A6_N bounds=Center: (0.00, 0.64, 0.00), Extents: (0.50, 1.00, 0.10) pivot=(64.00, 46.08) PPU=128 transform=1.00000	0.00000	0.00000	0.00000
0.00000	1.00000	0.00000	0.00000
0.00000	0.00000	1.00000	0.00000
0.00000	0.00000	0.00000	1.00000

 CELL (8, 0, 0) world=(-37.00, 47.25, 0.00) sprite=Ground A6_N bounds=Center: (0.00, 0.64, 0.00), Extents: (0.50, 1.00, 0.10) pivot=(64.00, 46.08) PPU=128 transform=1.00000	0.00000	0.00000	0.00000
0.00000	1.00000	0.00000	0.00000
0.00000	0.00000	1.00000	0.00000
0.00000	0.00000	0.00000	1.00000

